DownloadStableBinSampleDataDocuments/SampleData/domain/DEM_JHW_10m_BP1.asc
ncols        368
nrows        780
xllcorner    253643.272391359990
yllcorner    399377.356521090030
cellsize     10.000000000000
NODATA_value  -9999
[rows 189 to 209 of 780, columns 230 to 275 of 368]
53.671100616455078 53.672901153564453 53.680099487304688 54.165199279785156 56.057201385498047 57.797599792480469 57.817100524902344 57.858699798583984 57.777301788330078 59.79010009765625 70.200698852539063 59.371898651123047 59.040901184082031 59.021499633789063 58.956401824951172 58.950401306152344 58.761501312255859 58.481399536132813 58.085899353027344 58.122501373291016 58.120399475097656 57.941299438476563 57.775398254394531 57.849399566650391 57.903598785400391 57.862499237060547 57.764400482177734 57.681598663330078 57.745998382568359 57.660099029541016 57.825298309326172 57.779800415039062 57.652801513671875 57.711498260498047 57.752300262451172 58.569198608398438 57.274799346923828 58.046699523925781 57.826900482177734 57.843601226806641 57.837100982666016 57.850898742675781 57.972198486328125 57.926898956298828 57.928398132324219 57.962501525878906
53.722301483154297 53.684700012207031 53.660900115966797 53.693801879882813 55.468399047851562 57.642501831054688 57.845600128173828 57.833099365234375 57.777198791503906 59.47760009765625 70.3760986328125 59.42449951171875 59.102500915527344 59.065299987792969 59.006301879882813 59.014198303222656 58.565799713134766 58.208900451660156 58.208198547363281 58.144298553466797 57.944000244140625 57.909198760986328 57.933498382568359 57.901298522949219 57.910499572753906 57.930301666259766 57.796501159667969 57.761199951171875 57.729099273681641 57.749900817871094 57.570201873779297 57.689098358154297 57.676898956298828 57.681400299072266 57.705600738525391 57.655200958251953 58.656101226806641 57.823299407958984 58.415298461914063 57.877799987792969 57.831600189208984 57.884498596191406 57.817298889160156 57.986099243164062 57.943099975585938 57.959701538085938
53.689098358154297 53.694900512695313 53.689800262451172 53.710498809814453 55.503101348876953 57.588798522949219 57.854198455810547 57.807399749755859 57.814098358154297 59.049301147460938 70.286102294921875 59.371700286865234 59.139198303222656 59.102100372314453 59.041900634765625 59.010398864746094 58.646198272705078 58.346199035644531 58.125499725341797 58.014701843261719 58.075199127197266 58.056900024414063 57.981399536132812 57.838199615478516 57.89739990234375 57.922798156738281 57.844799041748047 57.793701171875 57.840499877929688 57.695400238037109 58.161098480224609 57.625701904296875 57.657798767089844 57.671100616455078 57.690200805664063 57.683700561523438 57.688701629638672 58.521800994873047 57.81719970703125 57.876598358154297 58.632701873779297 57.860698699951172 57.7322998046875 57.967601776123047 57.988700866699219 57.990299224853516
53.686698913574219 53.687000274658203 53.696998596191406 53.507301330566406 55.359401702880859 57.145599365234375 57.668300628662109 57.710098266601563 57.769199371337891 58.829200744628906 70.574302673339844 59.394298553466797 59.082199096679688 58.887901306152344 58.904499053955078 58.970901489257813 58.686698913574219 58.371601104736328 58.164199829101563 58.178501129150391 58.113899230957031 58.06610107421875 57.933300018310547 57.879001617431641 57.931499481201172 57.922000885009766 57.889701843261719 57.842601776123047 57.698898315429688 57.999500274658203 58.177101135253906 57.536598205566406 57.661701202392578 57.685398101806641 57.689701080322266 57.714298248291016 57.705600738525391 57.769500732421875 57.743499755859375 58.044898986816406 57.803600311279297 58.132598876953125 57.801101684570313 57.722099304199219 57.925701141357422 57.968399047851563
53.710399627685547 53.700298309326172 53.675701141357422 53.535301208496094 54.973300933837891 56.691898345947266 57.480300903320313 57.6864013671875 57.800899505615234 58.499900817871094 70.659896850585938 59.401298522949219 58.508098602294922 58.315601348876953 58.726299285888672 58.745098114013672 58.790599822998047 58.458000183105469 58.182201385498047 58.167198181152344 58.080101013183594 58.032398223876953 57.971401214599609 57.957000732421875 57.997898101806641 57.939899444580078 57.908500671386719 57.742801666259766 57.858600616455078 57.970600128173828 58.42559814453125 57.428398132324219 57.586898803710937 57.657100677490234 57.713298797607422 57.718898773193359 57.765598297119141 57.765800476074219 57.747600555419922 57.790599822998047 57.849300384521484 58.105598449707031 57.811500549316406 57.783000946044922 57.996700286865234 57.974601745605469
53.716300964355469 53.689201354980469 53.706100463867188 53.716400146484375 54.904499053955078 56.7947998046875 57.436599731445313 57.584400177001953 57.788299560546875 58.244998931884766 71.161903381347656 59.139598846435547 58.4281005859375 58.336299896240234 58.378398895263672 58.686199188232422 58.795600891113281 58.569801330566406 58.229598999023438 58.213401794433594 58.095901489257813 58.049198150634766 57.957298278808594 58.028999328613281 57.979801177978516 57.956100463867188 57.882701873779297 57.921798706054687 57.906200408935547 57.980598449707031 58.535598754882812 57.010799407958984 57.532798767089844 57.667499542236328 57.684200286865234 57.720798492431641 57.739398956298828 57.724899291992188 57.784099578857422 57.872898101806641 57.818599700927734 57.653800964355469 57.973098754882813 58.052600860595703 57.993598937988281 57.976100921630859
53.697799682617187 53.704200744628906 53.716400146484375 53.715000152587891 54.994400024414062 56.398200988769531 57.281600952148437 57.460498809814453 57.691501617431641 57.922100067138672 71.199798583984375 59.129398345947266 58.416599273681641 58.384498596191406 58.381698608398438 58.567600250244141 58.535099029541016 58.493698120117188 58.351398468017578 58.219398498535156 58.06719970703125 58.060501098632813 58.083698272705078 58.025501251220703 58.013401031494141 57.940200805664062 57.941898345947266 57.95989990234375 57.925998687744141 57.962001800537109 58.557701110839844 57.24169921875 57.503501892089844 57.665298461914063 57.653301239013672 57.671298980712891 57.670799255371094 57.678298950195313 57.767601013183594 57.822601318359375 57.822299957275391 57.857398986816406 58.135398864746094 58.551498413085938 58.016700744628906 57.990898132324219
53.666599273681641 53.766201019287109 53.712799072265625 53.735198974609375 54.534599304199219 55.820499420166016 57.095600128173828 57.506401062011719 58.175098419189453 57.778499603271484 70.874198913574219 59.320701599121094 58.368900299072266 58.374500274658203 58.363498687744141 58.403701782226562 58.414798736572266 58.380199432373047 58.290000915527344 58.169601440429688 58.134998321533203 58.451000213623047 58.179798126220703 58.047000885009766 58.001899719238281 57.991298675537109 57.99420166015625 57.942100524902344 57.940299987792969 57.922798156738281 58.44329833984375 57.468898773193359 57.367801666259766 57.778301239013672 57.695598602294922 57.685699462890625 57.71820068359375 57.708599090576172 57.750099182128906 57.80670166015625 57.940799713134766 57.782398223876953 58.672100067138672 58.056900024414063 58.864799499511719 58.120998382568359
53.874198913574219 53.819400787353516 53.726600646972656 53.746101379394531 54.245498657226562 55.769599914550781 57.189899444580078 57.440799713134766 58.38330078125 57.731201171875 70.425498962402344 59.439098358154297 58.371700286865234 58.371101379394531 58.379901885986328 58.382598876953125 58.376800537109375 58.354900360107422 58.224201202392578 58.224899291992188 58.522701263427734 58.461601257324219 58.221599578857422 57.986801147460938 58.051200866699219 58.023101806640625 57.997798919677734 57.920299530029297 57.962699890136719 57.907398223876953 58.463600158691406 57.546298980712891 57.397701263427734 57.945301055908203 57.991298675537109 58.006999969482422 58.085800170898438 58.072200775146484 58.145999908447266 58.055000305175781 58.00360107421875 58.018299102783203 58.090999603271484 58.446998596191406 58.2781982421875 58.315200805664062
54.080600738525391 53.821701049804688 53.737701416015625 53.759201049804687 54.055500030517578 54.925201416015625 57.062099456787109 57.74420166015625 57.703201293945313 57.681400299072266 70.002899169921875 70.009300231933594 58.355400085449219 58.377201080322266 58.345298767089844 58.344398498535156 58.361698150634766 58.333499908447266 58.378101348876953 58.559898376464844 58.537799835205078 58.412498474121094 58.128200531005859 58.024898529052734 58.063899993896484 57.98809814453125 58.016201019287109 57.974800109863281 57.975498199462891 57.957099914550781 58.459800720214844 57.663200378417969 57.448898315429688 58.059501647949219 58.083000183105469 58.145099639892578 58.110198974609375 58.094501495361328 58.263500213623047 58.342098236083984 58.320899963378906 58.399700164794922 58.233200073242187 58.335700988769531 58.258201599121094 58.352001190185547
54.006099700927734 53.864498138427734 53.763500213623047 53.774398803710938 53.870998382568359 54.66510009765625 56.68170166015625 57.603199005126953 57.506301879882812 57.745498657226563 59.812198638916016 70.097999572753906 58.356300354003906 58.359500885009766 58.301399230957031 58.333198547363281 58.313400268554687 58.573200225830078 58.604698181152344 58.588798522949219 58.494300842285156 58.370399475097656 58.196201324462891 58.020999908447266 58.007301330566406 57.997600555419922 58.0625 57.976398468017578 57.974300384521484 58.092700958251953 58.392601013183594 57.8739013671875 57.366901397705078 58.053398132324219 58.174098968505859 58.206199645996094 58.108798980712891 58.069698333740234 58.240699768066406 58.325901031494141 58.341201782226563 58.321701049804688 58.363899230957031 58.260799407958984 57.786098480224609 58.359500885009766
54.069499969482422 53.958198547363281 53.619300842285156 53.789100646972656 53.798900604248047 54.382801055908203 56.6260986328125 57.216400146484375 57.344001770019531 57.730400085449219 59.216701507568359 70.137702941894531 58.333400726318359 58.331600189208984 58.291900634765625 58.350101470947266 58.308101654052734 58.565399169921875 58.652099609375 58.590400695800781 58.507400512695313 58.376998901367188 58.211200714111328 57.991901397705078 57.987098693847656 57.992599487304688 57.989700317382812 58.003501892089844 57.997501373291016 58.118198394775391 58.385601043701172 58.002399444580078 57.326301574707031 58.062801361083984 58.167499542236328 58.185699462890625 58.144401550292969 58.081798553466797 58.210601806640625 58.311000823974609 58.297798156738281 58.383399963378906 58.376499176025391 58.340999603271484 58.280399322509766 58.326301574707031
54.051799774169922 53.84429931640625 53.756900787353516 53.804698944091797 53.809101104736328 54.513999938964844 56.292800903320313 56.897499084472656 57.339298248291016 57.731201171875 58.735698699951172 70.494796752929688 58.319499969482422 58.286701202392578 58.290798187255859 58.337898254394531 58.311901092529297 58.616298675537109 58.655399322509766 58.585700988769531 58.498199462890625 58.385101318359375 58.110099792480469 58.05670166015625 58.012199401855469 58.077598571777344 58.084400177001953 58.021800994873047 57.990299224853516 58.17449951171875 58.374801635742187 58.151901245117188 57.294601440429688 58.057201385498047 58.198600769042969 58.267398834228516 58.183399200439453 58.117298126220703 58.283298492431641 58.342899322509766 58.326999664306641 58.386299133300781 58.386798858642578 58.257900238037109 58.33599853515625 58.14630126953125
53.883098602294922 53.710601806640625 53.796600341796875 53.807399749755859 53.818801879882812 54.512599945068359 55.900100708007812 56.780101776123047 57.302700042724609 58.047901153564453 58.601799011230469 70.986503601074219 58.361900329589844 58.269599914550781 58.287498474121094 58.323501586914063 58.418998718261719 58.646701812744141 58.607700347900391 58.564998626708984 58.504100799560547 58.359298706054688 58.004100799560547 58.047000885009766 58.083099365234375 58.181198120117187 58.105598449707031 58.040500640869141 58.056301116943359 58.208900451660156 58.402000427246094 58.322101593017578 57.118000030517578 57.972198486328125 58.198001861572266 58.188301086425781 58.207000732421875 58.215900421142578 58.348598480224609 58.353500366210938 58.314899444580078 58.365501403808594 58.457801818847656 58.062801361083984 58.379001617431641 58.180801391601563
54.164100646972656 54.277599334716797 53.783401489257813 53.79840087890625 53.829299926757812 54.308101654052734 55.715599060058594 56.861900329589844 57.67559814453125 58.123500823974609 58.430301666259766 71.438003540039063 58.618900299072266 58.382900238037109 58.290298461914062 58.290901184082031 58.475498199462891 58.615100860595703 58.595901489257813 58.551101684570313 58.510700225830078 58.392898559570313 58.107101440429687 58.082801818847656 58.132400512695313 58.155601501464844 58.087100982666016 58.067100524902344 58.047500610351562 58.130500793457031 58.420299530029297 58.465099334716797 57.227001190185547 57.873798370361328 58.173301696777344 58.19219970703125 58.17340087890625 58.206100463867188 58.346000671386719 58.420200347900391 58.338699340820313 58.393798828125 58.455799102783203 58.146800994873047 58.418201446533203 58.370700836181641
54.199699401855469 54.373298645019531 53.800800323486328 53.764801025390625 53.835899353027344 54.319499969482422 55.701198577880859 57.230499267578125 57.692901611328125 58.244800567626953 57.944198608398438 71.125801086425781 58.843700408935547 58.216098785400391 58.240299224853516 58.297000885009766 58.439300537109375 58.628898620605469 58.581600189208984 58.556800842285156 58.540699005126953 58.460098266601563 58.170101165771484 58.070999145507813 58.129501342773438 58.081100463867188 58.136501312255859 58.010101318359375 58.009601593017578 58.105400085449219 58.440101623535156 58.480701446533203 57.345798492431641 57.795101165771484 58.159400939941406 58.209499359130859 58.156700134277344 58.171501159667969 58.317798614501953 58.3135986328125 58.313800811767578 58.423099517822266 58.410198211669922 58.316501617431641 58.389499664306641 58.397499084472656
54.180698394775391 54.388401031494141 53.726898193359375 53.740501403808594 53.753799438476563 54.25830078125 55.347999572753906 57.203800201416016 57.391399383544922 58.037998199462891 57.932899475097656 70.773300170898438 59.135799407958984 58.154701232910156 58.208499908447266 58.271198272705078 58.422500610351562 58.597999572753906 58.603000640869141 58.534099578857422 58.526599884033203 58.426998138427734 58.112400054931641 58.095600128173828 58.079700469970703 58.169498443603516 58.074798583984375 57.987701416015625 58.040699005126953 58.063400268554688 58.4906005859375 58.561698913574219 57.439899444580078 57.752899169921875 58.184600830078125 58.276100158691406 58.186798095703125 58.159400939941406 58.305301666259766 58.304401397705078 58.307701110839844 58.435901641845703 58.384998321533203 58.381500244140625 58.39849853515625 58.45989990234375
54.173301696777344 54.102001190185547 53.849998474121094 53.626499176025391 53.694499969482422 54.138301849365234 55.660198211669922 57.562099456787109 57.285598754882812 57.614601135253906 57.858001708984375 70.6083984375 59.417900085449219 58.123298645019531 58.144401550292969 58.253501892089844 58.336601257324219 58.602798461914063 58.663200378417969 58.604499816894531 58.535301208496094 58.359699249267578 58.102298736572266 58.084701538085937 58.149501800537109 58.085700988769531 58.094501495361328 57.959499359130859 58.071998596191406 58.428398132324219 58.315399169921875 58.148200988769531 57.625301361083984 57.756099700927734 58.157199859619141 58.187400817871094 58.149398803710938 58.109901428222656 58.331199645996094 58.402500152587891 58.410800933837891 58.387298583984375 58.372600555419922 58.361099243164063 58.400299072265625 58.424098968505859
54.172000885009766 54.1343994140625 53.855998992919922 53.544101715087891 53.748199462890625 54.061000823974609 54.579399108886719 57.653800964355469 57.244598388671875 57.377700805664063 57.901100158691406 70.223800659179688 69.804702758789063 58.076801300048828 58.116001129150391 58.181900024414063 58.239398956298828 58.548900604248047 58.637401580810547 58.598300933837891 58.524700164794922 58.237300872802734 58.086799621582031 58.110801696777344 58.100700378417969 58.039901733398438 57.952301025390625 57.960399627685547 58.473499298095703 57.970699310302734 57.958099365234375 58.158798217773437 57.86669921875 57.454399108886719 58.392398834228516 58.304500579833984 58.234100341796875 58.228500366210937 58.419101715087891 58.326198577880859 58.427501678466797 58.502498626708984 58.373001098632812 58.213798522949219 58.293998718261719 58.390998840332031
54.319400787353516 54.164398193359375 53.806400299072266 53.740699768066406 53.772300720214844 53.862300872802734 53.868301391601562 57.380100250244141 57.214099884033203 57.323501586914063 57.870098114013672 60.027400970458984 70.133003234863281 58.090900421142578 58.083999633789063 58.103099822998047 58.212200164794922 58.422500610351562 58.566299438476562 58.575199127197266 58.449001312255859 58.190700531005859 58.108200073242188 58.08489990234375 58.074001312255859 58.040000915527344 57.92340087890625 58.424999237060547 57.972900390625 57.945999145507813 58.013599395751953 58.188098907470703 57.499099731445313 57.510200500488281 58.087600708007813 58.272598266601563 58.114898681640625 58.351398468017578 58.403999328613281 58.507900238037109 58.580699920654297 58.482101440429687 58.327800750732422 58.376201629638672 58.446399688720703 58.558601379394531
54.284698486328125 53.989299774169922 53.725601196289063 53.656200408935547 53.917701721191406 53.863498687744141 53.831199645996094 56.892299652099609 57.142398834228516 57.255500793457031 57.8218994140625 59.727100372314453 70.521003723144531 58.044101715087891 58.032299041748047 58.078998565673828 58.1416015625 58.265098571777344 58.41510009765625 58.185298919677734 58.033199310302734 57.974399566650391 58.061901092529297 57.961799621582031 58.022201538085938 57.9541015625 58.389301300048828 58.010601043701172 58.003700256347656 58.051399230957031 58.020000457763672 57.921901702880859 57.657501220703125 57.320098876953125 57.984901428222656 58.188301086425781 57.991798400878906 58.413200378417969 58.414398193359375 58.428001403808594 58.497001647949219 58.520000457763672 58.525299072265625 58.391300201416016 58.577598571777344 58.607700347900391
