DownloadStableBinSampleDataDocuments/SampleData/domain/DEM_JHW_10m.asc
ncols         368
nrows         780
xllcorner     253643.27239136
yllcorner     399377.35652109
cellsize      10
NODATA_value  -9999
[rows 464 to 492 of 780, columns 256 to 319 of 368]
59.2869 59.2289 59.0121 58.7621 58.4002 57.6952 56.9995 56.8738 56.8598 56.8589 56.8890 56.9360 56.9499 56.9569 56.9574 56.9494 56.9457 58.2207 59.7107 60.6889 70.6450 60.7240 60.9453 61.1963 61.4004 61.5374 61.6600 61.6863 61.6883 61.5489 61.1148 60.6638 60.6496 60.7266 60.7774 60.7744 60.7707 61.2437 61.8077 62.1086 61.8710 61.6430 61.4315 61.2235 61.1464 61.3334 61.5326 61.7560 62.0190 62.1956 62.1857 62.1397 62.1301 62.1281 62.0810 62.0690 62.0218 62.1083 62.1933 62.2574 62.2849 62.3389 62.3333 62.3153
59.3454 59.2728 58.9259 58.8331 58.4926 57.7276 56.9828 56.8945 56.8861 56.8892 56.9197 56.9502 56.9583 56.9572 56.9547 56.9526 56.9521 57.7209 58.7831 59.8754 70.5397 71.2039 60.4189 60.7931 61.0794 61.3582 61.5883 61.6314 61.6530 61.5105 61.0600 60.6094 60.6542 60.7305 60.7772 60.7697 60.7485 61.0433 61.6320 62.0230 61.7872 61.5514 61.2888 61.1651 61.0790 61.3721 61.7992 62.0639 62.1899 62.2702 62.1470 62.0238 61.7791 61.8502 61.8884 61.9464 62.0578 62.0780 62.0619 62.1162 62.2193 62.3225 62.2789 62.2382
59.2741 59.5449 58.8833 58.8091 58.5864 57.5576 56.8980 56.8724 56.8966 56.8639 56.8799 56.9421 56.9540 56.9683 56.9673 56.9586 56.9592 57.5299 58.4850 60.3941 62.5504 72.1130 60.4581 61.0088 61.1608 61.4046 61.5607 61.5517 61.5833 61.6545 61.3190 60.6000 60.5736 60.5999 61.2377 61.2273 60.9682 60.8338 60.8429 61.4134 61.7149 61.6260 61.5012 61.1895 61.2770 61.2673 61.2758 61.9010 61.7666 61.8511 62.0174 62.0922 61.9083 61.8033 61.8129 61.9715 61.8549 61.8769 61.9069 62.1045 62.3999 62.4454 62.5011 62.2125
59.3656 59.0902 59.1527 58.8695 58.7820 58.2201 57.2625 56.8884 56.8593 56.8675 56.8512 56.8953 56.9697 56.9672 56.9693 56.9662 56.9714 56.9699 58.1276 59.6143 62.4441 72.6764 61.2564 61.1468 61.2133 61.4302 61.5012 61.5101 61.5404 61.6096 61.4556 60.8835 60.5933 61.0723 61.7051 61.9277 61.8614 61.6593 61.0317 61.1911 61.4564 61.7157 61.8739 61.6820 61.5876 61.6348 61.6654 61.9239 61.9933 61.8872 61.8928 62.2068 62.3933 62.0950 61.7104 61.6870 61.8377 61.7346 61.8802 62.1635 62.3437 62.3826 62.5204 62.5027
59.8643 59.1747 59.0425 58.9421 58.6792 58.5359 56.9092 56.9080 56.9451 56.8332 56.8944 56.9115 56.9392 56.9680 56.9613 56.9754 56.9698 57.0409 58.1729 59.2792 61.5774 73.6191 62.3631 61.8630 61.5565 61.3725 61.4863 61.5142 61.5498 61.5396 61.5225 60.7335 60.5559 60.5826 61.4247 61.8372 61.6572 61.5286 61.4582 61.2315 61.3257 61.5855 61.8401 61.9288 61.8101 61.6902 61.6392 61.9382 62.0515 61.9224 61.9073 62.1962 62.0243 61.7256 61.8922 61.7917 61.8324 61.8813 61.9886 62.0400 62.1709 62.2138 62.3012 62.5435
61.1105 59.5181 59.1009 59.0187 58.7484 58.5338 57.8796 56.9262 56.9328 56.9239 56.8734 56.8823 56.9346 56.9874 56.9760 56.9800 56.9898 56.9839 57.3589 58.6396 60.9571 73.1292 73.6213 62.8583 61.8033 61.3749 61.4347 61.4757 61.4876 61.6097 61.5167 61.1552 60.6121 60.7278 61.0502 61.4816 61.7881 61.7215 61.4132 61.6947 61.3400 61.8003 62.0199 61.9674 61.8940 61.7242 61.6647 61.8015 62.2638 62.1907 61.8468 61.9461 61.8886 61.5832 61.6277 61.8123 62.0694 62.1896 62.0638 62.0826 62.3690 62.2122 62.2672 62.2362
63.4867 60.2645 59.2785 58.9906 58.9932 58.9341 57.7365 56.9808 56.9980 56.9376 56.8941 56.9250 56.9278 56.9783 56.9803 56.9724 56.9723 57.0080 57.5389 58.4029 59.8897 62.8881 73.4068 62.8570 62.2963 61.7492 61.4197 61.3400 61.4568 61.4386 61.6907 61.5318 61.1192 61.3641 61.3267 61.4529 61.6145 61.8810 61.6323 61.5194 61.8521 61.7859 62.2475 62.0482 62.0297 61.8175 61.6780 61.6577 62.2279 62.7610 62.1236 61.9132 61.9931 61.8067 61.6915 61.8526 62.0810 62.3513 62.4547 62.3563 62.0620 62.1187 62.0608 62.1115
73.8403 62.6716 59.7559 59.0264 58.8395 58.7970 59.1126 57.4201 57.0238 56.9887 56.8944 56.8869 56.9774 56.9995 57.0029 56.9724 56.9669 56.9801 57.0060 57.7176 59.3272 61.7505 73.3796 62.5808 62.2504 61.3239 61.4609 61.5293 60.8780 61.4453 61.7687 61.8168 61.7386 61.8048 61.8206 61.3652 61.5888 61.4906 61.7720 61.7533 61.6027 61.7304 61.6967 61.7381 61.8999 61.7539 61.5941 61.6152 61.7907 62.1623 62.1298 61.8505 61.7706 61.7161 61.7451 61.8075 62.0357 62.0924 62.1823 62.2623 62.1483 62.0591 62.1808 62.1176
73.9716 63.4187 61.1432 59.3238 58.8276 58.6858 58.5247 57.3826 57.0365 57.0131 56.9414 56.9410 56.9493 56.9946 57.0001 56.9841 56.9826 56.9818 57.0005 57.5487 58.6010 61.4690 73.6799 62.5397 62.0022 61.9904 61.4586 61.8740 61.9157 61.6829 61.9991 61.9847 61.8572 61.8611 61.8547 61.7445 62.0109 61.9496 61.5329 61.6350 61.6987 61.5737 61.6699 61.7876 61.7360 61.7914 61.7503 61.6111 61.8631 61.9729 61.8056 61.8425 61.7780 61.6338 61.7436 61.7243 61.7308 61.8552 62.0158 62.1007 61.9866 62.1291 62.2940 62.6463
74.0017 73.9693 63.3682 60.5942 59.1199 58.7760 58.5741 58.0945 57.0649 57.0608 57.1636 57.0668 56.9927 56.9969 56.9844 56.9853 56.9804 57.0052 57.0164 57.0667 58.5243 61.0425 73.2020 62.0077 62.7278 62.4082 62.1348 63.0114 63.5342 61.9258 62.1692 62.1908 61.9282 61.8511 61.9027 62.2153 62.4092 62.1903 61.9065 61.7266 61.5855 61.5681 61.5987 61.7275 61.8509 61.8246 61.8183 61.9377 62.1357 62.0961 61.8649 61.8242 61.8376 61.6101 61.6341 61.6046 61.8339 61.8617 61.9196 61.9644 61.9319 62.0497 62.1052 62.4547
63.9463 74.0219 74.0259 62.8215 59.5688 58.9150 58.6929 58.4868 57.6183 57.0835 57.0602 57.1839 57.0651 57.0001 57.0053 57.0034 57.0000 57.0106 57.0106 57.0016 57.9202 60.5770 73.5510 73.7500 63.6360 63.9840 63.3355 63.2993 62.8972 62.5353 62.3229 62.2823 61.9696 62.0900 61.9998 61.9679 62.2741 62.1828 62.0286 61.9123 61.7490 61.7091 61.8597 61.7894 61.8882 61.6908 61.8826 62.0454 62.0052 61.9704 61.8942 61.7696 61.6724 61.7744 61.8121 61.9177 61.9576 62.0050 61.9426 61.8478 61.8499 61.9373 61.9560 62.0429
63.3341 64.0120 74.0131 74.2731 61.4420 59.0970 58.7496 58.5485 57.4087 57.1031 57.1027 57.0670 57.0476 57.0332 57.0067 57.0023 57.0167 57.0025 57.0007 56.9976 57.9040 59.0344 61.8559 73.5214 63.7698 63.6339 63.7512 62.9241 62.4980 61.7948 62.5125 62.6197 62.3300 62.1445 62.3922 62.0618 61.9002 62.3067 62.3298 62.0258 61.8037 61.8042 61.8258 61.9136 61.9155 61.9312 61.7586 61.8345 61.8237 61.8906 61.7690 61.7632 61.7847 61.7678 61.7198 61.8692 62.2314 62.0543 61.9717 61.9330 61.9301 61.8894 61.9740 61.9341
62.9721 64.0602 64.0926 74.0640 63.6197 59.9805 58.9162 58.6421 58.2070 57.1279 57.1392 57.1362 57.0911 57.0743 57.0319 57.0296 57.0301 57.0224 57.0024 57.0318 57.1100 58.7721 61.7789 73.9188 73.8164 63.8455 63.0489 62.4796 61.7751 61.8112 62.1527 62.5146 62.2253 62.1009 62.2301 62.2952 62.2898 62.2271 62.3731 62.2387 61.9143 61.8050 61.9885 61.9718 61.8162 61.6666 61.6932 61.6363 61.7882 61.9413 61.8356 61.8644 61.9659 61.9197 61.9329 61.9208 61.9684 62.0731 61.9043 61.9781 62.0803 62.0388 62.1283 62.2027
61.9086 63.5371 64.0651 74.1193 74.1361 62.4338 59.3008 58.6409 58.4214 57.3056 57.1381 57.1550 57.1749 57.1412 57.0451 57.0765 57.1084 57.0785 57.0598 57.0454 57.0882 58.1487 60.0147 63.2733 73.9096 63.5722 62.2732 61.9622 61.7119 61.5096 61.8071 62.3802 62.2174 62.1144 62.3092 62.2206 62.2189 62.2176 62.2171 62.2697 62.0752 61.8364 61.8072 61.8594 61.7359 61.6640 61.8097 61.7267 61.8710 61.9867 62.0999 62.0005 62.0947 61.9609 62.0357 62.0570 62.0601 61.9802 61.9266 62.0162 62.0361 62.0977 62.0702 62.0813
61.7522 62.3299 63.7100 64.1123 74.1172 73.8839 61.0582 58.9588 58.5877 57.8157 57.1645 57.1674 57.1894 57.1452 57.1741 57.1002 57.1423 57.1371 57.1403 57.0828 57.0906 57.3321 59.9900 63.1145 73.8484 63.1071 62.2478 62.0517 62.2786 61.5233 61.8773 62.1272 62.1860 62.1523 62.1086 62.1540 62.1118 62.1210 62.0752 61.9823 61.9911 61.8891 61.7546 61.6564 61.6281 61.5461 61.6107 61.8548 61.9699 62.0600 62.1706 62.2732 62.0280 61.9531 61.9333 62.1244 62.1654 62.0326 61.9495 62.0857 62.2032 62.0879 62.1458 62.1375
61.6230 61.7530 62.7088 64.2109 64.1418 74.0944 63.0339 59.7150 58.6187 57.7104 57.1662 57.1816 57.2061 57.2350 57.1949 57.1884 57.1354 57.1527 57.4182 57.8585 57.6105 57.7023 58.4670 60.8375 73.8143 63.5777 62.9171 63.0174 62.7387 62.5937 62.1017 61.9356 61.8968 62.0917 62.0620 62.0656 62.0272 62.0810 62.1470 62.1530 61.8993 61.8269 61.6969 61.6821 61.6942 61.5052 61.4725 61.4789 61.7205 61.7490 61.9337 61.9939 61.9286 61.9393 61.9653 62.0169 62.0827 62.0188 61.9901 62.1269 62.3823 62.4930 62.3105 62.3130
61.5317 61.6242 61.6935 62.4903 64.0086 74.1609 74.2159 61.3707 59.1668 58.5805 57.1881 57.1784 57.1912 57.1903 57.2148 57.3428 57.5396 57.4079 57.8887 58.3299 58.1960 58.2510 58.5090 60.6527 74.1152 64.1278 63.5675 63.2420 63.1872 63.0693 62.5085 62.3427 61.9770 62.0634 62.1678 62.0710 61.9725 61.9417 62.1113 62.3941 62.1058 61.9732 61.7790 61.8738 61.8840 61.6064 61.6025 61.6449 61.4639 61.5305 61.6293 61.6174 61.7050 61.7556 61.8823 62.3948 61.9871 62.0062 62.0566 62.1742 62.4355 62.7804 62.5202 62.2349
61.4474 61.6569 61.7283 61.6820 62.5264 64.2343 74.1712 63.0776 59.3697 58.4242 57.6557 57.1845 57.1551 57.3967 57.9149 57.7227 57.8557 58.2024 58.3229 58.3201 58.3191 58.3045 58.5048 59.3539 73.6063 74.1942 64.0303 63.7503 63.3910 63.0380 62.7062 62.4472 62.1477 62.2335 62.2323 62.1911 62.1006 61.8459 61.7420 61.8566 61.9540 61.9457 61.7429 61.8240 61.7494 61.3307 61.5613 61.9488 61.9415 61.7298 61.6837 61.8746 61.5592 61.6115 61.6520 61.9250 62.3877 61.7459 61.9404 62.1996 62.5539 62.6297 62.3298 62.1426
61.4436 61.7394 61.7103 61.6718 62.3165 63.4266 74.3042 73.8303 60.8513 58.5882 58.3776 57.6368 57.7056 58.1196 58.3175 58.3050 58.3377 58.3290 58.3300 58.3234 58.3154 58.3100 58.4524 58.6981 61.9881 74.2047 64.3027 63.9320 63.4455 63.1243 62.8302 62.4273 62.0149 62.2337 62.3709 62.3289 62.3405 61.9843 61.7166 61.7086 61.6986 61.7075 61.6578 61.8282 61.6463 61.6651 61.7173 61.7434 61.7605 61.8725 62.2149 62.2697 61.8124 61.8247 61.7224 61.6006 61.6423 61.6341 61.6684 61.9134 62.1768 62.3169 62.2957 62.3593
61.4814 61.7132 61.8424 61.6168 62.0631 63.8319 64.2684 74.3130 62.7430 59.3739 58.6018 58.3043 58.3210 58.3356 58.3200 58.3121 58.3104 58.3200 58.3246 58.3340 58.3320 58.4066 58.4018 58.7539 60.4898 74.5080 74.2468 64.0580 63.7164 63.3743 62.9440 62.3841 61.9005 61.8394 62.0517 61.9577 62.0052 61.9926 61.8160 61.9307 61.8570 61.8722 61.6834 61.8063 61.4798 61.4913 61.9434 61.8336 61.7959 61.8533 62.2721 62.0731 61.9574 61.8556 61.7967 61.8261 61.6502 61.6081 61.6929 61.7098 61.9314 61.9611 62.0712 62.2550
61.6882 61.7637 61.9269 61.8927 62.1392 62.9428 64.4654 74.3589 74.0351 59.9355 58.6616 58.3711 58.3259 58.3327 58.3200 58.3218 58.3194 58.3200 58.3508 58.3425 58.3684 58.4162 58.3762 58.6613 59.5347 62.2002 74.3154 74.3660 63.9259 63.3741 62.9113 62.2605 61.7121 61.6335 61.7143 61.4293 61.6925 61.7016 61.7535 62.1229 61.9720 62.0716 61.9408 61.8102 61.5264 61.5287 61.6936 61.7546 61.8094 62.0945 62.1214 62.1019 61.9937 61.8206 62.0665 62.0029 61.7636 61.7621 61.8385 61.8487 62.0303 62.0422 61.9535 62.1258
62.0862 62.2609 62.0838 62.4091 62.3219 62.2664 63.9696 64.3138 74.3444 61.7240 58.7587 58.4524 58.3120 58.3567 58.3737 58.4407 58.3410 58.3805 58.3935 58.3667 58.3598 58.3521 58.3334 58.3839 59.0074 60.4623 63.6495 74.3428 63.5139 63.1466 62.7310 62.0827 61.7858 61.7050 61.6746 61.5032 61.6051 61.7276 61.6251 61.7104 61.5516 61.8717 61.9150 61.7715 61.5265 61.5269 61.6913 61.7840 61.7422 61.8461 62.0245 62.2128 61.9483 61.7876 62.0906 61.8918 61.8378 61.9374 62.0085 61.9970 62.3063 62.2487 62.2056 62.1325
62.7067 62.8724 62.7362 62.1968 62.3248 62.4485 63.3334 64.3594 74.4518 63.0159 59.0856 58.6449 58.3429 58.5959 58.3367 58.4274 58.3462 58.3906 58.3640 58.3557 58.3467 58.3535 58.3515 58.3664 58.8258 59.6803 62.4769 74.4037 63.6201 62.5998 62.1682 61.9266 61.7216 61.5872 61.8575 61.5206 61.4881 61.7877 61.5846 61.6983 61.8616 62.0816 61.9060 61.7580 61.5738 61.9068 62.0529 61.9763 61.9252 61.7546 61.8285 61.8298 61.9046 61.7507 61.9845 61.9453 62.0025 61.9933 62.0259 62.0303 62.2250 62.0613 62.1529 62.2367
62.9898 63.1127 63.0101 62.6825 62.7107 63.2002 64.3024 64.4313 74.4887 74.1755 60.1637 58.7759 58.4838 58.4591 58.3660 58.3665 58.3432 58.3662 58.3681 58.3654 58.3502 58.3672 58.3640 58.3301 58.6381 59.7935 59.9849 74.1283 74.2916 62.6907 61.9608 61.9132 61.6771 61.6503 61.7611 61.7544 61.7581 61.8105 61.8166 62.1182 61.9886 62.2237 62.0512 61.6585 61.6645 61.8336 61.9659 62.1244 62.0703 61.8564 61.9028 61.9652 62.0001 62.0257 62.0010 62.1620 62.3285 62.0365 62.1920 62.1250 62.6060 62.4021 62.3154 62.3323
62.9294 63.0434 63.1042 63.0935 63.4326 63.8592 64.2340 64.2968 64.4514 74.5455 61.6665 59.0924 58.5544 58.3652 58.3739 58.3777 58.3536 58.3659 58.3571 58.3794 58.3639 58.3656 58.3740 58.4015 58.3672 59.3417 60.2912 61.5246 74.4988 62.9477 61.9771 61.8486 61.6734 61.7657 61.7662 61.7613 61.7424 61.6668 61.7085 61.8172 61.7840 61.9534 61.9742 61.6225 61.6347 61.6720 61.8351 61.8897 62.0055 61.8874 62.0844 62.0688 62.2822 62.2932 62.2142 62.3198 62.5422 62.3283 62.5333 62.8250 63.1651 62.8514 62.8126 62.6368
62.9001 62.8716 62.9607 63.1403 63.4195 63.7267 63.8978 64.3763 64.5782 74.4279 73.0698 59.6071 58.8345 58.3604 58.3743 58.3876 58.3621 58.3757 58.3709 58.3688 58.3800 58.3682 58.3600 58.4288 58.3483 58.7402 60.4663 60.3671 74.4433 73.9415 62.0878 61.7952 61.7875 61.8618 61.9289 61.9236 61.7546 61.7478 61.6819 61.7103 61.6533 61.6547 61.7426 61.5981 61.6738 61.7493 61.7763 61.9237 61.8292 61.9064 61.9724 62.1033 62.3286 62.4769 62.3976 62.2768 62.5960 62.5144 62.9754 62.9130 62.9509 63.0199 63.1001 63.1399
62.7156 62.7662 62.8865 63.1421 63.2384 63.4847 63.5811 64.1618 64.6551 64.4472 74.3830 60.6793 59.2931 58.4189 58.3694 58.3818 58.3679 58.3732 58.3732 58.3802 58.3749 58.3579 58.3616 58.3661 58.3508 58.4307 59.9345 60.3944 61.9867 74.3099 63.0748 61.9162 61.7590 61.8784 62.1779 62.1162 61.8754 61.8055 61.7565 61.7215 61.7079 61.8439 61.6742 61.6661 61.7332 61.8256 61.8422 61.9266 61.9076 61.9378 61.9726 61.9748 62.2318 62.4556 62.5646 62.4247 62.4963 62.6576 62.8419 62.9277 62.9820 63.0966 63.2246 63.3312
62.5976 62.7293 62.9144 63.0237 62.8564 62.7402 63.0795 63.4540 64.6275 64.3919 74.2947 62.3414 59.5655 58.8282 58.3626 58.3615 58.3694 58.3604 58.3667 58.3725 58.3637 58.3415 58.3748 58.3667 58.3575 58.4751 59.1349 60.6161 60.5408 73.6641 74.3155 63.3073 61.6329 61.7433 61.8291 61.8427 61.9032 61.7086 61.8237 61.8338 61.8421 61.9558 61.7070 61.7393 61.7771 61.8383 61.8932 61.8043 61.8285 61.8985 61.9442 61.8213 61.8251 62.1108 62.5035 62.6405 62.8266 62.7510 62.9445 63.0521 63.0627 63.1780 63.2853 63.4654
62.7130 62.6570 62.6692 62.7521 62.6627 62.5807 62.8274 63.0603 63.9109 64.4842 74.3438 74.0097 60.2823 58.9421 58.3652 58.3662 58.3661 58.3752 58.3779 58.3798 58.3468 58.3421 58.3729 58.3633 58.3691 58.3977 58.7454 60.0226 60.7821 60.7649 74.0206 74.2783 62.8542 62.2667 61.8346 61.8221 61.7148 61.6564 61.8458 61.8812 62.0245 62.0058 61.8432 61.8799 61.9302 61.9067 61.9337 61.9973 61.9925 61.8810 61.7796 61.8023 61.8067 62.0017 62.3866 62.6435 63.0579 63.6134 63.1415 63.2158 63.1740 63.3849 63.5194 63.7830
