DownloadStableBinSampleDataDocuments/SampleData/domain/DEM_JHW_10m.asc
ncols         368
nrows         780
xllcorner     253643.27239136
yllcorner     399377.35652109
cellsize      10
NODATA_value  -9999
[rows 0 to 28 of 780, columns 192 to 255 of 368]
-9999.0000 -9999.0000 -9999.0000 -9999.0000 -9999.0000 -9999.0000 -9999.0000 -9999.0000 -9999.0000 -9999.0000 -9999.0000 -9999.0000 -9999.0000 -9999.0000 -9999.0000 -9999.0000 -9999.0000 -9999.0000 -9999.0000 -9999.0000 -9999.0000 -9999.0000 -9999.0000 -9999.0000 -9999.0000 -9999.0000 -9999.0000 -9999.0000 -9999.0000 57.9407 57.8317 57.7988 57.7847 57.9828 59.0634 59.0508 58.9143 58.5551 57.5708 57.8853 57.9309 57.8488 57.4071 57.8159 58.0192 58.0386 57.8966 57.9510 58.2203 69.1430 68.1626 55.3983 55.3418 55.3850 55.3950 55.4015 55.7105 55.9302 53.5277 52.6201 53.1162 53.4952 52.8562 52.5500
-9999.0000 -9999.0000 -9999.0000 -9999.0000 -9999.0000 -9999.0000 -9999.0000 -9999.0000 -9999.0000 -9999.0000 -9999.0000 -9999.0000 -9999.0000 -9999.0000 -9999.0000 -9999.0000 -9999.0000 -9999.0000 -9999.0000 -9999.0000 -9999.0000 -9999.0000 -9999.0000 -9999.0000 -9999.0000 -9999.0000 -9999.0000 -9999.0000 -9999.0000 57.8457 57.8267 57.7606 57.7509 57.7908 57.8447 58.7986 58.7601 58.6707 58.4907 57.4235 57.8410 57.8799 57.8722 58.0033 58.0433 58.0266 58.0363 58.1758 68.8680 68.8203 55.4401 55.3779 55.4124 55.4019 55.4209 56.2603 56.1661 53.7540 53.2225 53.4241 53.5302 53.2721 52.7135 52.6097
-9999.0000 -9999.0000 -9999.0000 -9999.0000 -9999.0000 -9999.0000 -9999.0000 -9999.0000 -9999.0000 -9999.0000 -9999.0000 -9999.0000 -9999.0000 -9999.0000 -9999.0000 -9999.0000 -9999.0000 -9999.0000 -9999.0000 -9999.0000 -9999.0000 -9999.0000 -9999.0000 -9999.0000 -9999.0000 -9999.0000 -9999.0000 -9999.0000 -9999.0000 57.8611 57.8511 57.7840 57.7751 57.7424 57.8195 57.7765 58.6296 58.5903 58.5196 58.0378 57.3588 57.5758 57.8093 58.0630 58.0947 57.9519 58.0691 58.2109 69.2238 56.4652 55.3629 55.4273 55.4052 55.3535 56.5606 56.0198 54.0174 53.5192 53.5621 52.6515 53.8764 52.5856 52.5532 52.5787
-9999.0000 -9999.0000 -9999.0000 -9999.0000 -9999.0000 -9999.0000 -9999.0000 -9999.0000 -9999.0000 -9999.0000 -9999.0000 -9999.0000 -9999.0000 -9999.0000 -9999.0000 -9999.0000 -9999.0000 -9999.0000 -9999.0000 -9999.0000 -9999.0000 -9999.0000 -9999.0000 -9999.0000 -9999.0000 -9999.0000 -9999.0000 -9999.0000 -9999.0000 57.9384 57.8334 57.7796 57.7500 57.8060 57.7307 57.7826 57.7168 58.4639 58.2608 57.1528 57.0708 57.1471 57.0480 56.8274 57.2725 57.8212 58.5986 69.1601 68.2045 55.5304 55.3878 55.4070 55.3837 56.7156 56.1776 54.1261 53.4420 53.2629 53.0380 54.0535 53.1332 52.5110 52.6089 52.4869
-9999.0000 -9999.0000 -9999.0000 -9999.0000 -9999.0000 -9999.0000 -9999.0000 -9999.0000 -9999.0000 -9999.0000 -9999.0000 -9999.0000 -9999.0000 -9999.0000 -9999.0000 -9999.0000 -9999.0000 -9999.0000 -9999.0000 -9999.0000 -9999.0000 -9999.0000 -9999.0000 -9999.0000 -9999.0000 -9999.0000 -9999.0000 -9999.0000 57.7257 57.8117 57.7632 57.6965 57.7805 57.7628 57.7438 57.7256 57.6729 57.9830 56.9464 56.8346 56.9329 56.9315 56.8175 56.6391 56.1538 56.8246 68.7931 69.0771 57.9875 56.9625 55.6951 55.6997 56.0565 55.6770 53.6013 53.0384 53.0654 53.6315 54.0637 53.4972 52.5773 52.5088 52.2525 53.1257
-9999.0000 -9999.0000 -9999.0000 -9999.0000 -9999.0000 -9999.0000 -9999.0000 -9999.0000 -9999.0000 -9999.0000 -9999.0000 -9999.0000 -9999.0000 -9999.0000 -9999.0000 -9999.0000 -9999.0000 -9999.0000 -9999.0000 -9999.0000 -9999.0000 -9999.0000 -9999.0000 -9999.0000 -9999.0000 -9999.0000 -9999.0000 -9999.0000 56.6494 56.5305 56.3369 56.7171 57.4064 57.2010 56.6437 56.3068 56.1868 56.3022 56.3475 56.3780 56.3333 56.4330 56.6532 56.4169 56.4815 68.2477 69.1399 57.4634 56.7493 56.6694 55.4980 55.1781 54.7188 53.2107 53.2859 53.4748 54.2709 54.8200 53.7954 52.6031 52.2332 52.2473 53.0792 52.4664
-9999.0000 -9999.0000 -9999.0000 -9999.0000 -9999.0000 -9999.0000 -9999.0000 -9999.0000 -9999.0000 -9999.0000 -9999.0000 -9999.0000 -9999.0000 -9999.0000 -9999.0000 -9999.0000 -9999.0000 -9999.0000 -9999.0000 -9999.0000 -9999.0000 -9999.0000 -9999.0000 -9999.0000 -9999.0000 -9999.0000 -9999.0000 -9999.0000 56.6493 56.6537 56.6759 56.6681 56.6379 56.6156 56.5889 56.5197 56.4320 56.3832 56.3420 56.3240 56.2981 56.3352 56.4020 56.3726 57.1230 68.6381 58.1502 56.5484 56.3772 56.2912 56.3457 55.2007 53.5444 53.2528 53.5963 54.6038 55.1932 54.2113 52.9463 52.2292 52.0112 52.0015 52.0367 51.9701
-9999.0000 -9999.0000 -9999.0000 -9999.0000 -9999.0000 -9999.0000 -9999.0000 -9999.0000 -9999.0000 -9999.0000 -9999.0000 -9999.0000 -9999.0000 -9999.0000 -9999.0000 -9999.0000 -9999.0000 -9999.0000 -9999.0000 -9999.0000 -9999.0000 -9999.0000 -9999.0000 -9999.0000 -9999.0000 -9999.0000 -9999.0000 -9999.0000 56.5073 56.5154 56.5218 56.5267 56.4794 56.5179 56.5756 56.5081 56.4451 56.3944 56.3431 56.3181 56.3797 56.4572 56.4821 56.4811 57.9021 68.7178 57.0470 56.0410 56.2172 56.4233 55.7871 54.1787 53.3885 53.9756 54.8578 55.0863 54.5927 53.1238 52.0691 52.0265 51.9930 51.9839 51.9868 51.9731
-9999.0000 -9999.0000 -9999.0000 -9999.0000 -9999.0000 -9999.0000 -9999.0000 -9999.0000 -9999.0000 -9999.0000 -9999.0000 -9999.0000 -9999.0000 -9999.0000 -9999.0000 -9999.0000 -9999.0000 -9999.0000 -9999.0000 -9999.0000 -9999.0000 -9999.0000 -9999.0000 -9999.0000 -9999.0000 -9999.0000 -9999.0000 56.5450 56.5372 56.5056 56.5139 56.5210 56.4732 56.4330 56.4698 56.4325 56.3636 56.3479 56.3850 56.4147 56.4673 56.4564 56.4280 57.5570 69.1447 67.8219 56.1125 56.0762 56.0350 55.7887 54.4541 53.4346 54.0354 54.6904 55.1155 53.9623 52.1521 52.0581 52.0566 52.0322 52.0070 52.0033 52.0036 51.9831
-9999.0000 -9999.0000 -9999.0000 -9999.0000 -9999.0000 -9999.0000 -9999.0000 -9999.0000 -9999.0000 -9999.0000 -9999.0000 -9999.0000 -9999.0000 -9999.0000 -9999.0000 -9999.0000 -9999.0000 -9999.0000 -9999.0000 -9999.0000 -9999.0000 -9999.0000 -9999.0000 -9999.0000 -9999.0000 -9999.0000 -9999.0000 56.5065 56.5018 56.4939 56.4931 56.5005 56.4808 56.4069 56.3209 56.3874 56.4414 56.4160 56.4024 56.3946 56.3626 56.4290 57.1284 68.8999 68.4446 56.5020 56.1217 55.9595 56.0476 55.5016 53.6456 53.7356 54.9746 54.6001 53.0980 52.0673 52.0658 52.0439 52.0258 52.0252 52.0080 52.0103 51.9951 51.9629
-9999.0000 -9999.0000 -9999.0000 -9999.0000 -9999.0000 -9999.0000 -9999.0000 -9999.0000 -9999.0000 -9999.0000 -9999.0000 -9999.0000 -9999.0000 -9999.0000 -9999.0000 -9999.0000 -9999.0000 -9999.0000 -9999.0000 -9999.0000 -9999.0000 -9999.0000 -9999.0000 -9999.0000 -9999.0000 -9999.0000 -9999.0000 56.5118 56.5148 56.4389 56.4481 56.4525 56.4671 56.5093 56.4267 56.3862 56.3626 56.3745 56.3463 56.3533 56.4206 56.6577 67.9552 68.9062 57.1795 56.1189 56.1780 56.0733 55.9246 53.8873 53.4613 53.3415 53.6207 52.1698 52.0994 52.0643 52.0498 52.0028 52.0363 52.0286 52.0237 52.0162 52.0194 52.0140
-9999.0000 -9999.0000 -9999.0000 -9999.0000 -9999.0000 -9999.0000 -9999.0000 -9999.0000 -9999.0000 -9999.0000 -9999.0000 -9999.0000 -9999.0000 -9999.0000 -9999.0000 -9999.0000 -9999.0000 -9999.0000 -9999.0000 -9999.0000 -9999.0000 -9999.0000 -9999.0000 -9999.0000 -9999.0000 -9999.0000 -9999.0000 56.3889 56.3887 56.5446 56.5198 56.5018 56.3900 56.3241 56.3488 56.3699 56.4732 56.4106 56.4528 56.5011 56.3511 56.6438 69.0687 58.0604 56.2352 56.2615 56.0570 56.5088 54.2778 53.5908 54.0382 54.0013 52.1033 52.0971 52.0832 52.0814 52.0659 52.0262 52.0049 51.9945 51.9761 51.9594 52.0709 52.1630
-9999.0000 -9999.0000 -9999.0000 -9999.0000 -9999.0000 -9999.0000 -9999.0000 -9999.0000 -9999.0000 -9999.0000 -9999.0000 -9999.0000 -9999.0000 -9999.0000 -9999.0000 -9999.0000 -9999.0000 -9999.0000 -9999.0000 -9999.0000 -9999.0000 -9999.0000 -9999.0000 -9999.0000 -9999.0000 -9999.0000 58.3317 58.4926 58.6254 58.3053 58.2432 58.6714 58.1390 57.9862 58.0552 57.8740 57.9321 57.9995 58.0954 59.0423 59.1219 69.0736 69.0143 56.4744 56.2725 56.1938 56.4173 55.2138 53.1149 54.6264 54.1437 52.1296 52.0990 52.0976 52.1061 52.1097 52.1189 52.1623 52.1262 51.9983 51.9336 52.0924 52.2860 52.0433
-9999.0000 -9999.0000 -9999.0000 -9999.0000 -9999.0000 -9999.0000 -9999.0000 -9999.0000 -9999.0000 -9999.0000 -9999.0000 -9999.0000 -9999.0000 -9999.0000 -9999.0000 -9999.0000 -9999.0000 -9999.0000 -9999.0000 -9999.0000 -9999.0000 -9999.0000 -9999.0000 -9999.0000 -9999.0000 -9999.0000 58.5067 58.3979 58.5396 58.4296 58.2998 58.5196 58.1424 57.9887 58.1691 57.9118 58.0215 58.3051 58.7717 59.1660 68.6311 69.1277 56.9276 56.2960 56.2855 56.2329 55.8765 54.8015 53.9154 52.4336 52.1919 52.1069 52.1004 52.1026 52.1390 52.2099 52.1350 52.2280 52.0211 51.9812 52.0418 52.2978 52.3032 52.7107
-9999.0000 -9999.0000 -9999.0000 -9999.0000 -9999.0000 -9999.0000 -9999.0000 -9999.0000 -9999.0000 -9999.0000 -9999.0000 -9999.0000 -9999.0000 -9999.0000 -9999.0000 -9999.0000 -9999.0000 -9999.0000 -9999.0000 -9999.0000 -9999.0000 -9999.0000 -9999.0000 -9999.0000 -9999.0000 -9999.0000 58.5699 58.1890 58.0433 58.1325 58.1767 58.0450 57.8544 58.0375 57.8259 57.7453 57.8080 58.0583 58.9137 59.0596 69.1785 57.7679 56.3995 56.2386 56.2658 56.3541 54.8198 53.9744 52.4990 52.1340 52.1183 52.1262 52.1025 52.2586 53.2637 54.6519 54.8113 52.6042 52.0505 52.0115 52.1813 52.2761 52.5170 54.5652
-9999.0000 -9999.0000 -9999.0000 -9999.0000 -9999.0000 -9999.0000 -9999.0000 -9999.0000 -9999.0000 -9999.0000 -9999.0000 -9999.0000 -9999.0000 -9999.0000 -9999.0000 -9999.0000 -9999.0000 -9999.0000 -9999.0000 -9999.0000 -9999.0000 -9999.0000 -9999.0000 -9999.0000 -9999.0000 -9999.0000 58.6626 58.2828 58.1183 58.0744 58.0483 57.7962 57.5900 57.5572 57.5093 57.5853 57.6564 58.6117 59.0991 69.1982 68.5850 56.8000 56.5059 56.4269 56.0144 55.3795 53.6805 52.4606 52.1531 52.1412 52.1300 52.1127 53.4543 53.6195 54.0565 52.8955 52.5470 52.2712 52.0951 52.1590 52.2890 52.7076 53.8840 54.6805
-9999.0000 -9999.0000 -9999.0000 -9999.0000 -9999.0000 -9999.0000 -9999.0000 -9999.0000 -9999.0000 -9999.0000 -9999.0000 -9999.0000 -9999.0000 -9999.0000 -9999.0000 -9999.0000 -9999.0000 -9999.0000 -9999.0000 -9999.0000 -9999.0000 -9999.0000 -9999.0000 -9999.0000 -9999.0000 58.5424 58.5188 58.1340 57.9458 57.8513 57.6360 57.5363 57.4116 57.3040 57.2040 57.1886 57.1986 57.5126 58.5313 69.0718 57.4836 56.3608 56.2210 55.9395 55.3220 53.3517 52.2258 52.2894 52.2241 52.2014 52.1851 53.2234 54.4391 53.9040 52.7320 53.5701 52.9530 52.0466 52.0649 52.1470 52.7135 53.2589 54.2159 54.7518
-9999.0000 -9999.0000 -9999.0000 -9999.0000 -9999.0000 -9999.0000 -9999.0000 -9999.0000 -9999.0000 -9999.0000 -9999.0000 -9999.0000 -9999.0000 -9999.0000 -9999.0000 -9999.0000 -9999.0000 -9999.0000 -9999.0000 -9999.0000 -9999.0000 -9999.0000 -9999.0000 -9999.0000 -9999.0000 58.5823 58.4158 58.1248 57.9390 57.7930 57.6561 57.4996 57.2903 57.1127 56.8470 57.1524 58.1221 58.9069 69.2055 68.0973 56.6421 56.3378 56.3055 55.6257 53.6336 52.2079 52.2565 52.2501 52.1711 52.1694 52.2347 53.8059 54.9323 54.3602 54.4531 53.5569 52.0916 52.0834 52.1054 53.0744 53.5756 54.0226 54.8583 54.7912
-9999.0000 -9999.0000 -9999.0000 -9999.0000 -9999.0000 -9999.0000 -9999.0000 -9999.0000 -9999.0000 -9999.0000 -9999.0000 -9999.0000 -9999.0000 -9999.0000 -9999.0000 -9999.0000 -9999.0000 -9999.0000 -9999.0000 -9999.0000 -9999.0000 -9999.0000 -9999.0000 -9999.0000 -9999.0000 58.6100 58.3870 58.1416 57.9338 57.7917 57.6579 57.5158 57.3155 57.0600 56.7451 56.9541 57.0369 57.4798 68.7706 57.4924 56.4963 56.4067 56.1677 54.5641 52.7583 52.3708 52.4776 52.2266 52.1942 52.2146 53.2187 54.9366 54.9450 54.6967 53.7426 52.1382 52.0036 52.0611 52.5925 53.4112 53.7234 54.3323 54.8446 54.9729
-9999.0000 -9999.0000 -9999.0000 -9999.0000 -9999.0000 -9999.0000 -9999.0000 -9999.0000 -9999.0000 -9999.0000 -9999.0000 -9999.0000 -9999.0000 -9999.0000 -9999.0000 -9999.0000 -9999.0000 -9999.0000 -9999.0000 -9999.0000 -9999.0000 -9999.0000 -9999.0000 -9999.0000 -9999.0000 57.4680 57.3108 57.3243 57.6885 57.6997 57.6962 57.4912 57.4307 57.3551 57.1633 57.5502 57.9281 69.0882 67.4810 54.9854 55.6720 54.3303 53.3388 53.6835 52.2197 52.2367 52.2197 52.2330 52.2765 52.7375 54.3462 54.9901 54.8090 53.9824 52.4864 52.0807 52.0173 52.0752 52.7706 53.7017 53.2785 54.7305 54.7965 55.6507
-9999.0000 -9999.0000 -9999.0000 -9999.0000 -9999.0000 -9999.0000 -9999.0000 -9999.0000 -9999.0000 -9999.0000 -9999.0000 -9999.0000 -9999.0000 -9999.0000 -9999.0000 -9999.0000 -9999.0000 -9999.0000 -9999.0000 -9999.0000 -9999.0000 -9999.0000 -9999.0000 -9999.0000 58.4975 58.3779 58.1770 58.0021 57.9303 57.8482 57.6091 57.5143 57.5453 57.4937 57.5324 57.8469 69.2180 68.6165 56.0558 55.2167 54.9001 53.5920 53.4767 52.2223 52.2105 52.2290 52.2243 52.2771 52.5813 54.2271 55.1955 55.2422 54.2099 52.2334 52.1823 52.1397 52.1009 52.7951 54.3533 53.5673 54.7596 54.7070 54.8865 56.3796
-9999.0000 -9999.0000 -9999.0000 -9999.0000 -9999.0000 -9999.0000 -9999.0000 -9999.0000 -9999.0000 -9999.0000 -9999.0000 -9999.0000 -9999.0000 -9999.0000 -9999.0000 -9999.0000 -9999.0000 -9999.0000 -9999.0000 -9999.0000 -9999.0000 -9999.0000 -9999.0000 -9999.0000 58.4375 58.3227 58.2103 58.0464 57.8392 57.5659 57.5847 57.6175 57.6058 57.5334 57.5917 58.1968 69.0771 57.1132 55.2513 55.2557 55.1045 54.6385 52.4559 52.2279 52.2206 52.2365 52.2292 52.4633 54.4639 54.8407 54.7281 54.7488 52.7310 52.2581 52.1454 52.0283 52.2711 54.5040 54.0723 54.0093 55.1707 54.5929 55.4700 67.7336
-9999.0000 -9999.0000 -9999.0000 -9999.0000 -9999.0000 -9999.0000 -9999.0000 -9999.0000 -9999.0000 -9999.0000 -9999.0000 -9999.0000 -9999.0000 -9999.0000 -9999.0000 -9999.0000 -9999.0000 -9999.0000 -9999.0000 -9999.0000 -9999.0000 -9999.0000 -9999.0000 -9999.0000 58.3934 58.3261 57.9011 57.7098 57.6454 57.5492 57.6092 57.5881 57.5160 57.6424 57.2989 69.2792 68.1693 55.2911 55.2871 55.3369 55.2421 53.7448 52.2081 52.2615 52.2437 52.2347 52.1787 53.2086 54.3783 54.6768 54.8478 54.1703 52.4067 52.2588 52.0132 52.0499 53.2963 53.6700 52.9639 55.3496 54.5245 55.0213 56.2574 69.2987
-9999.0000 -9999.0000 -9999.0000 -9999.0000 -9999.0000 -9999.0000 -9999.0000 -9999.0000 -9999.0000 -9999.0000 -9999.0000 -9999.0000 -9999.0000 -9999.0000 -9999.0000 -9999.0000 -9999.0000 -9999.0000 -9999.0000 -9999.0000 -9999.0000 -9999.0000 -9999.0000 -9999.0000 58.3513 58.3810 57.8090 57.8207 57.5961 57.5804 57.5865 57.5583 57.6028 57.4797 69.0595 68.6805 55.8148 55.3090 55.2822 55.3736 54.2996 52.4111 52.2293 52.2321 52.2547 52.2643 52.3389 54.3918 54.8537 54.7367 54.6972 54.1116 52.5637 52.1813 51.9970 52.0544 54.3963 53.2276 54.4306 54.6803 54.8019 54.6689 68.4840 68.6939
-9999.0000 -9999.0000 -9999.0000 -9999.0000 -9999.0000 -9999.0000 -9999.0000 -9999.0000 -9999.0000 -9999.0000 -9999.0000 -9999.0000 -9999.0000 -9999.0000 -9999.0000 -9999.0000 -9999.0000 -9999.0000 -9999.0000 -9999.0000 -9999.0000 -9999.0000 -9999.0000 58.4248 58.3171 58.1657 57.7862 57.7986 57.5584 57.4788 57.5924 57.6660 57.6228 68.7698 69.2293 57.1673 55.1218 55.2672 55.2388 55.1953 52.8167 52.2572 52.2733 52.2461 52.2589 52.4190 54.1456 54.4519 54.4451 54.7660 54.9943 53.3522 52.5231 52.0789 52.0098 52.4671 53.2439 53.2571 54.5662 54.6810 55.0668 66.9716 69.1563 56.3325
-9999.0000 -9999.0000 -9999.0000 -9999.0000 -9999.0000 -9999.0000 -9999.0000 -9999.0000 -9999.0000 -9999.0000 -9999.0000 -9999.0000 -9999.0000 -9999.0000 -9999.0000 -9999.0000 -9999.0000 -9999.0000 -9999.0000 -9999.0000 -9999.0000 -9999.0000 -9999.0000 58.4065 58.3531 58.0211 57.7888 57.7189 57.4316 57.1755 57.3828 57.5724 58.0503 69.0493 58.4817 55.8691 55.0102 55.1762 55.3264 53.4792 52.3599 52.2573 52.2599 52.2778 52.3786 54.0647 54.1999 54.2284 54.8036 55.5101 54.5011 52.9332 52.3316 52.1098 52.0750 53.7256 53.9756 54.8699 55.0812 54.8347 56.1542 68.6982 57.4709 56.0799
-9999.0000 -9999.0000 -9999.0000 -9999.0000 -9999.0000 -9999.0000 -9999.0000 -9999.0000 -9999.0000 -9999.0000 -9999.0000 -9999.0000 -9999.0000 -9999.0000 -9999.0000 -9999.0000 -9999.0000 -9999.0000 -9999.0000 -9999.0000 -9999.0000 -9999.0000 -9999.0000 58.4764 58.4299 57.9982 57.7835 57.5034 57.1809 57.2295 57.4981 57.2197 68.3760 68.7313 56.6048 55.3705 55.1770 55.2066 54.3324 52.7922 52.2775 52.2813 52.2770 52.2916 53.7412 54.6127 54.4908 54.7501 55.5661 55.7350 54.0883 52.7235 52.2680 52.0972 52.1410 53.5114 54.1276 54.6374 54.9028 55.0653 67.4427 68.9886 56.7179 55.7610
-9999.0000 -9999.0000 -9999.0000 -9999.0000 -9999.0000 -9999.0000 -9999.0000 -9999.0000 -9999.0000 -9999.0000 -9999.0000 -9999.0000 -9999.0000 -9999.0000 -9999.0000 -9999.0000 -9999.0000 -9999.0000 -9999.0000 -9999.0000 -9999.0000 -9999.0000 -9999.0000 58.4124 58.4438 58.2754 57.8421 57.3804 57.2261 57.4725 57.4051 58.1835 69.2137 57.6934 55.8266 55.2723 55.1478 54.3275 52.9642 52.3604 52.2808 52.2840 52.2889 53.0026 54.1843 54.7160 54.7520 55.2789 55.8286 55.2233 53.5662 52.4543 52.1884 52.0415 53.2619 53.9415 54.0241 54.6825 54.8192 56.2317 68.6066 57.6569 55.4322 55.6336
-9999.0000 -9999.0000 -9999.0000 -9999.0000 -9999.0000 -9999.0000 -9999.0000 -9999.0000 -9999.0000 -9999.0000 -9999.0000 -9999.0000 -9999.0000 -9999.0000 -9999.0000 -9999.0000 -9999.0000 -9999.0000 -9999.0000 -9999.0000 -9999.0000 -9999.0000 58.8644 58.3967 58.3458 58.3171 57.9873 57.4700 57.4395 57.5501 58.0138 69.1013 68.2955 56.6047 55.9339 55.3292 54.9836 54.3805 53.0953 52.2930 52.2804 52.2890 52.4729 53.5375 54.8406 54.8837 54.8823 55.5371 55.7676 54.6578 52.9966 52.3858 52.0748 52.7295 53.7676 54.2679 54.8234 54.3990 54.8182 57.1216 68.8776 56.7784 55.3964 55.8740
