DownloadStableBinSampleDataDocuments/SampleData/domain/DEM_JHW_10m_BP1.asc
ncols        368
nrows        780
xllcorner    253643.272391359990
yllcorner    399377.356521090030
cellsize     10.000000000000
NODATA_value  -9999
[rows 525 to 545 of 780, columns 184 to 229 of 368]
67.781898498535156 67.856697082519531 68.001296997070312 67.961097717285156 67.909599304199219 67.812400817871094 67.640701293945313 67.385200500488281 66.923301696777344 66.765403747558594 66.514801025390625 66.3583984375 66.226799011230469 66.122596740722656 66.097099304199219 66.018600463867187 66.16619873046875 66.088302612304687 66.049400329589844 66.138298034667969 66.185600280761719 66.160400390625 66.223800659179688 66.015998840332031 66.021797180175781 66.215202331542969 66.224601745605469 63.591899871826172 63.724498748779297 62.744300842285156 62.772499084472656 62.597400665283203 62.583599090576172 62.57080078125 62.663898468017578 62.001201629638672 61.971401214599609 61.958599090576172 61.932899475097656 61.936100006103516 61.707901000976562 61.590000152587891 61.586498260498047 61.750099182128906 62.337600708007812 62.440700531005859
67.52960205078125 67.627403259277344 67.803298950195312 67.902603149414063 67.880996704101563 68.090400695800781 67.893600463867188 67.688003540039062 67.485298156738281 67.267196655273438 66.417999267578125 66.36810302734375 66.111801147460938 66.010498046875 65.897003173828125 65.692001342773438 65.771400451660156 66.207000732421875 66.154098510742188 66.140800476074219 66.131500244140625 66.026298522949219 65.981399536132812 66.007499694824219 66.170600891113281 65.510200500488281 63.873798370361328 63.993099212646484 63.069198608398438 62.719898223876953 62.666000366210938 62.593498229980469 62.597900390625 62.592399597167969 62.320899963378906 61.963600158691406 61.936698913574219 61.928001403808594 61.92449951171875 61.930698394775391 61.772499084472656 61.589599609375 61.555801391601563 61.740299224853516 62.319499969482422 62.227798461914063
67.672203063964844 67.483802795410156 67.586898803710938 67.617202758789063 67.684700012207031 68.081497192382812 68.018302917480469 67.791801452636719 67.600303649902344 67.410301208496094 67.119400024414063 67.012199401855469 66.551902770996094 65.772598266601563 65.387298583984375 65.223098754882813 65.518096923828125 66.004600524902344 66.142303466796875 66.120597839355469 66.147102355957031 66.246101379394531 66.27239990234375 66.240402221679688 65.37359619140625 64.048500061035156 63.385200500488281 63.025798797607422 62.798599243164062 62.719200134277344 62.641201019287109 62.595699310302734 62.566799163818359 62.518798828125 62.3135986328125 62.047199249267578 61.991001129150391 62.020198822021484 62.0177001953125 62.010299682617187 61.874099731445313 61.660900115966797 61.887401580810547 62.302299499511719 62.406501770019531 62.383598327636719
67.251701354980469 67.34649658203125 66.95269775390625 67.282997131347656 67.469703674316406 67.478797912597656 67.535102844238281 67.543502807617188 67.446403503417969 67.356399536132812 67.240196228027344 67.095497131347656 66.914901733398438 66.719100952148438 65.981597900390625 65.232200622558594 65.168502807617188 65.285499572753906 65.269996643066406 65.641403198242188 65.836502075195313 65.933502197265625 66.036796569824219 65.415000915527344 64.66619873046875 64.219001770019531 63.547401428222656 62.484401702880859 62.064498901367188 62.012001037597656 62.022201538085938 62.070301055908203 62.058700561523438 62.004100799560547 61.971000671386719 61.924098968505859 61.872299194335937 61.837299346923828 61.917301177978516 62.040500640869141 61.928699493408203 61.672698974609375 61.811901092529297 62.197299957275391 62.319801330566406 62.267898559570313
67.031898498535156 65.745101928710937 65.375503540039063 66.393203735351562 67.016403198242188 67.083702087402344 67.070503234863281 67.1448974609375 67.149002075195313 67.105796813964844 67.036697387695313 66.955596923828125 66.842903137207031 66.726402282714844 66.5863037109375 66.436698913574219 66.130699157714844 65.72760009765625 65.647201538085938 65.6864013671875 65.712600708007813 65.706596374511719 65.004402160644531 63.637901306152344 62.690700531005859 62.135398864746094 62.012001037597656 62.047000885009766 62.070598602294922 62.089500427246094 62.077598571777344 62.055599212646484 62.055599212646484 62.030601501464844 61.953498840332031 61.833900451660156 61.761600494384766 61.726600646972656 61.708099365234375 61.688800811767578 61.640998840332031 61.580001831054687 61.813800811767578 62.222801208496094 62.346401214599609 62.294998168945313
64.693702697753906 64.687202453613281 64.862899780273438 64.976600646972656 66.223297119140625 66.649398803710938 66.684700012207031 66.654197692871094 66.711799621582031 66.788902282714844 66.563499450683594 66.655296325683594 66.612800598144531 66.52490234375 66.433197021484375 66.337997436523438 66.222297668457031 66.041702270507813 65.856903076171875 65.689102172851562 65.579002380371094 65.204597473144531 65.159202575683594 64.683601379394531 63.822799682617188 62.319698333740234 62.062900543212891 62.068000793457031 62.019199371337891 62.025600433349609 62.064300537109375 62.062400817871094 62.054500579833984 62.049701690673828 61.962501525878906 61.812301635742188 61.736499786376953 61.706901550292969 61.7322998046875 61.684398651123047 61.601299285888672 61.580001831054687 61.759998321533203 62.11669921875 62.336601257324219 62.46820068359375
64.672996520996094 64.691596984863281 64.671897888183594 64.670997619628906 65.140098571777344 65.874801635742187 66.463699340820313 66.399200439453125 66.298599243164062 63.809398651123047 64.3760986328125 65.259002685546875 65.495903015136719 65.843902587890625 66.182403564453125 66.129096984863281 66.024803161621094 65.913803100585937 65.821197509765625 65.710700988769531 65.526802062988281 65.29730224609375 64.855697631835938 64.175003051757813 63.719100952148437 63.031299591064453 62.122600555419922 62.061599731445312 61.997200012207031 61.980201721191406 61.983100891113281 62.019599914550781 62.045398712158203 62.065399169921875 62.019500732421875 61.854900360107422 61.739898681640625 61.698898315429688 61.661201477050781 61.617000579833984 61.588100433349609 61.579498291015625 61.672798156738281 62.020401000976562 62.262798309326172 62.235599517822266
64.680999755859375 64.664299011230469 64.660102844238281 64.674003601074219 64.187301635742188 65.512100219726562 66.142997741699219 65.390296936035156 64.814498901367188 63.734901428222656 63.714298248291016 63.663200378417969 63.862098693847656 64.621597290039063 64.459197998046875 64.872398376464844 65.440803527832031 65.481597900390625 65.597702026367188 65.494598388671875 65.391899108886719 65.277900695800781 65.154800415039063 65.000999450683594 64.915000915527344 64.710700988769531 64.366203308105469 63.106998443603516 62.194499969482422 62.022998809814453 61.971000671386719 61.991001129150391 61.980300903320313 61.806999206542969 61.779800415039062 61.768299102783203 61.750801086425781 61.736598968505859 61.704498291015625 61.634101867675781 61.578899383544922 61.573898315429687 61.683601379394531 62.155200958251953 62.426498413085937 62.393001556396484
64.708297729492188 64.671302795410156 64.661102294921875 64.285003662109375 64.09539794921875 63.941799163818359 63.854400634765625 63.9541015625 63.81719970703125 63.823699951171875 63.817298889160156 63.624500274658203 63.655200958251953 63.763401031494141 63.881999969482422 63.631000518798828 63.576999664306641 64.041999816894531 64.285797119140625 64.757797241210938 65.136299133300781 65.039497375488281 64.94580078125 64.892997741699219 64.833900451660156 64.73590087890625 64.669403076171875 64.521400451660156 64.364997863769531 63.437000274658203 62.487701416015625 62.142799377441406 61.766998291015625 61.753200531005859 61.735599517822266 61.7666015625 61.8031005859375 61.797100067138672 61.79010009765625 61.652099609375 61.520698547363281 61.521701812744141 61.533100128173828 61.897300720214844 62.221099853515625 62.214099884033203
64.661300659179688 64.662300109863281 64.4906005859375 64.083297729492187 64.073699951171875 63.943401336669922 63.824001312255859 63.856700897216797 63.885501861572266 63.791900634765625 63.670799255371094 63.624401092529297 63.613601684570313 63.726299285888672 63.830898284912109 63.808399200439453 63.808601379394531 63.788600921630859 63.930900573730469 63.643699645996094 65.125801086425781 64.965301513671875 65.093399047851563 64.899398803710938 64.68170166015625 64.611000061035156 64.545600891113281 64.412300109863281 64.427398681640625 64.283401489257813 64.257499694824219 63.2760009765625 63.463199615478516 62.940498352050781 61.85369873046875 61.761699676513672 61.769298553466797 61.778999328613281 61.807998657226563 61.729400634765625 61.600898742675781 61.599700927734375 61.549400329589844 61.593399047851563 61.589900970458984 61.511100769042969
64.630500793457031 64.310501098632812 64.094200134277344 64.042900085449219 63.949298858642578 63.931301116943359 63.832500457763672 63.862201690673828 63.864101409912109 63.710899353027344 63.61669921875 63.648899078369141 63.705398559570313 63.736400604248047 63.802501678466797 63.897499084472656 63.983798980712891 64.250099182128906 64.581497192382812 64.840103149414063 65.121299743652344 65.134101867675781 65.063102722167969 65.020500183105469 64.906501770019531 64.756103515625 64.721702575683594 64.586402893066406 64.345199584960937 64.174400329589844 64.192703247070312 64.166999816894531 64.152999877929688 63.987701416015625 63.862701416015625 63.123199462890625 62.236598968505859 61.942298889160156 61.831901550292969 61.671001434326172 61.583499908447266 61.5447998046875 61.526798248291016 61.543201446533203 61.535198211669922 61.538101196289063
64.648399353027344 64.162399291992188 64.067398071289062 63.998699188232422 63.939899444580078 63.943698883056641 63.948898315429688 64.060501098632812 64.438301086425781 64.215896606445313 64.040901184082031 64.104698181152344 64.318099975585937 64.464797973632812 63.883800506591797 63.790000915527344 63.538600921630859 63.080398559570313 62.674800872802734 62.436599731445313 62.170700073242187 62.425899505615234 62.798900604248047 63.054698944091797 63.527698516845703 63.898899078369141 64.699699401855469 63.855598449707031 62.247100830078125 62.184600830078125 62.780399322509766 63.296100616455078 63.879100799560547 64.029197692871094 64.013198852539062 63.92449951171875 63.832698822021484 63.113399505615234 62.184101104736328 61.879199981689453 61.647300720214844 61.585899353027344 61.546901702880859 61.526699066162109 61.524700164794922 61.526298522949219
64.612197875976563 64.099502563476563 64.125099182128906 64.004302978515625 63.946701049804688 63.9375 63.944698333740234 64.724800109863281 66.066200256347656 65.986198425292969 65.870399475097656 65.532096862792969 65.142799377441406 64.569099426269531 64.296096801757813 64.404899597167969 64.496696472167969 63.605800628662109 62.390899658203125 62.019001007080078 61.995098114013672 62.008098602294922 62.028099060058594 62.020198822021484 62.024200439453125 63.166301727294922 64.436698913574219 63.589000701904297 62.065299987792969 61.774898529052734 61.756301879882813 61.928298950195312 62.032299041748047 62.475799560546875 62.863800048828125 63.073600769042969 63.638198852539063 63.825599670410156 63.743198394775391 63.622100830078125 63.408599853515625 62.776199340820312 61.872200012207031 61.610599517822266 61.567600250244141 61.549999237060547
64.493598937988281 64.121597290039063 64.079399108886719 63.968601226806641 63.946201324462891 63.939701080322266 63.938201904296875 65.089302062988281 65.74169921875 65.655403137207031 65.529502868652344 65.192398071289063 65.034797668457031 64.854499816894531 64.577499389648437 64.231399536132812 63.505901336669922 62.693500518798828 61.994701385498047 61.989601135253906 61.975399017333984 61.976600646972656 61.988601684570313 61.985099792480469 61.957099914550781 61.921798706054687 61.890399932861328 61.846199035644531 61.795600891113281 61.777999877929687 61.771800994873047 61.735801696777344 61.689800262451172 61.675998687744141 61.662998199462891 61.944499969482422 62.152099609375 62.7135009765625 63.460700988769531 63.684898376464844 63.689701080322266 63.538501739501953 63.368499755859375 62.757499694824219 62.238498687744141 62.003200531005859
64.288902282714844 64.331901550292969 64.152397155761719 63.976200103759766 63.926101684570313 63.933998107910156 64.005203247070312 65.289901733398437 65.4906005859375 65.528900146484375 65.432998657226563 65.186897277832031 65.030502319335937 64.360397338867188 63.981201171875 63.891998291015625 62.533100128173828 61.988998413085938 62.003101348876953 62.00469970703125 61.993900299072266 61.98699951171875 61.978801727294922 61.964801788330078 61.923900604248047 61.876300811767578 61.893901824951172 61.873001098632813 61.809398651123047 61.775798797607422 61.773101806640625 61.743900299072266 61.6968994140625 61.673698425292969 61.667598724365234 61.64630126953125 61.608299255371094 61.959400177001953 61.715198516845703 62.200000762939453 63.254901885986328 63.714199066162109 63.687698364257813 63.551399230957031 63.343601226806641 62.974498748779297
64.2677001953125 64.255996704101563 64.269401550292969 64.262199401855469 64.145896911621094 63.907299041748047 64.194198608398438 65.066001892089844 64.65679931640625 64.156501770019531 64.996902465820313 65.456199645996094 65.385200500488281 65.240402221679688 64.557403564453125 63.529399871826172 62.390201568603516 61.967899322509766 61.982898712158203 61.984298706054688 61.982601165771484 61.990699768066406 62.013698577880859 61.989200592041016 61.929000854492188 61.901699066162109 61.897098541259766 61.853099822998047 61.783100128173828 61.754199981689453 61.757900238037109 61.732200622558594 61.678199768066406 61.658500671386719 61.666099548339844 61.657299041748047 61.638500213623047 61.622200012207031 61.601200103759766 61.591499328613281 61.588600158691406 61.961200714111328 62.427200317382813 62.661201477050781 63.359600067138672 63.631900787353516
64.683403015136719 64.263900756835938 64.264701843261719 64.259300231933594 64.053398132324219 63.843498229980469 64.049400329589844 63.695400238037109 63.783901214599609 63.699100494384766 64.259201049804688 63.696098327636719 63.975898742675781 63.949100494384766 63.657199859619141 62.9385986328125 62.259300231933594 62.226299285888672 62.129299163818359 62.131999969482422 62.285099029541016 62.189899444580078 62.156200408935547 61.963901519775391 61.941001892089844 61.884799957275391 61.883701324462891 61.854999542236328 61.804500579833984 61.776500701904297 61.772300720214844 61.747200012207031 61.689899444580078 61.666301727294922 61.675800323486328 61.658401489257812 61.637699127197266 61.621799468994141 61.618801116943359 61.615398406982422 61.608100891113281 61.592899322509766 61.622100830078125 61.775299072265625 61.985000610351563 62.29010009765625
64.726402282714844 64.745002746582031 64.608901977539062 64.199897766113281 63.815601348876953 63.737701416015625 63.707099914550781 63.707801818847656 63.675399780273438 63.723701477050781 63.691398620605469 63.681198120117188 63.897998809814453 63.280498504638672 62.322898864746094 62.496101379394531 62.295700073242188 62.260898590087891 62.234199523925781 62.393901824951172 62.300701141357422 62.403900146484375 62.240299224853516 61.966499328613281 62.063400268554688 62.001201629638672 62.079498291015625 62.159000396728516 61.888198852539063 62.068599700927734 61.770698547363281 61.753299713134766 61.666698455810547 61.670700073242187 61.663200378417969 61.617198944091797 61.627399444580078 61.603801727294922 61.588901519775391 61.610000610351563 61.590599060058594 61.609401702880859 61.626899719238281 61.87030029296875 61.647201538085938 61.680500030517578
64.13690185546875 64.456901550292969 64.318801879882813 64.443000793457031 63.800098419189453 63.700801849365234 63.712398529052734 63.833900451660156 63.759201049804688 63.717899322509766 63.657100677490234 63.579601287841797 64.019599914550781 63.658699035644531 62.540199279785156 62.261001586914063 62.253799438476563 62.220100402832031 62.183998107910156 62.190299987792969 62.203998565673828 62.171398162841797 62.122200012207031 62.048000335693359 61.936199188232422 61.958099365234375 62.032299041748047 61.857601165771484 62.071201324462891 61.772499084472656 62.059200286865234 61.726898193359375 61.783901214599609 61.744800567626953 61.719898223876953 61.653099060058594 61.794601440429688 61.681598663330078 61.66619873046875 61.6083984375 61.657501220703125 61.648601531982422 61.784801483154297 62.03070068359375 62.075199127197266 61.881900787353516
64.241798400878906 64.177398681640625 64.152702331542969 64.128097534179688 64.279296875 63.981498718261719 63.919101715087891 63.813899993896484 63.902500152587891 63.761398315429688 63.645801544189453 63.929500579833984 64.373703002929687 63.744998931884766 62.562198638916016 62.284099578857422 62.265800476074219 62.234298706054688 62.206501007080078 62.176300048828125 62.187599182128906 62.159198760986328 62.114700317382813 62.051998138427734 61.971298217773437 61.913299560546875 61.847698211669922 61.859699249267578 61.858798980712891 61.798500061035156 61.727298736572266 61.704299926757813 61.725799560546875 61.750400543212891 61.742401123046875 61.754001617431641 61.743999481201172 61.940299987792969 61.800399780273437 61.759300231933594 61.752498626708984 61.910701751708984 62.006099700927734 62.029998779296875 62.081901550292969 62.097900390625
64.292503356933594 64.2301025390625 64.193199157714844 64.141998291015625 64.074203491210938 64.085502624511719 63.991798400878906 63.705501556396484 64.050697326660156 63.660198211669922 63.205101013183594 64.102996826171875 64.440101623535156 63.064701080322266 62.344200134277344 62.304798126220703 62.285900115966797 62.237701416015625 62.212200164794922 62.204898834228516 62.180500030517578 62.138401031494141 62.081001281738281 62.065399169921875 61.957801818847656 61.947101593017578 61.856601715087891 61.849399566650391 61.841499328613281 61.755901336669922 61.697399139404297 61.739799499511719 61.713298797607422 61.714698791503906 61.749698638916016 61.731300354003906 61.737598419189453 61.72650146484375 61.737800598144531 61.754901885986328 61.826999664306641 62.117000579833984 62.289600372314453 62.130001068115234 62.137298583984375 62.069698333740234
