DownloadStableBinSampleDataDocuments/SampleData/domain/DEM_JHW_10m_BP1.asc
ncols        368
nrows        780
xllcorner    253643.272391359990
yllcorner    399377.356521090030
cellsize     10.000000000000
NODATA_value  -9999
[rows 546 to 566 of 780, columns 230 to 275 of 368]
62.170200347900391 62.261398315429687 62.202499389648438 62.161201477050781 62.163700103759766 62.142101287841797 62.180900573730469 62.157001495361328 61.445201873779297 61.509498596191406 61.450000762939453 61.451900482177734 61.446201324462891 61.450298309326172 61.428798675537109 61.428798675537109 61.413501739501953 61.511501312255859 61.899799346923828 61.964298248291016 62.009799957275391 62.039100646972656 62.083000183105469 62.546100616455078 62.604400634765625 62.231800079345703 62.068801879882813 62.191200256347656 62.040798187255859 61.854801177978516 61.971500396728516 61.897201538085937 61.700099945068359 61.87969970703125 61.979198455810547 61.966499328613281 61.757301330566406 61.914501190185547 72.622703552246094 71.73480224609375 60.324199676513672 59.807899475097656 59.188201904296875 58.485599517822266 58.459098815917969 58.445598602294922
62.178001403808594 62.205501556396484 62.218799591064453 62.185398101806641 62.162300109863281 62.186100006103516 62.163600921630859 61.74639892578125 61.497100830078125 61.487098693847656 61.479999542236328 61.470199584960938 61.474800109863281 61.497501373291016 61.487701416015625 61.478099822998047 61.606998443603516 61.967300415039062 61.985698699951172 61.966499328613281 61.966598510742188 61.972301483154297 61.988998413085938 61.992000579833984 62.120899200439453 62.252601623535156 62.199699401855469 62.089298248291016 62.125499725341797 61.953399658203125 61.8125 61.722301483154297 61.648200988769531 61.835601806640625 62.012901306152344 61.925701141357422 61.832099914550781 63.134101867675781 73.558296203613281 61.189899444580078 59.952201843261719 59.581298828125 59.378799438476563 58.847301483154297 58.435001373291016 58.431999206542969
62.1708984375 62.236900329589844 62.254600524902344 62.24420166015625 62.248600006103516 62.251701354980469 62.243400573730469 61.862598419189453 61.491298675537109 61.472499847412109 61.478500366210938 61.478500366210938 61.492000579833984 61.497100830078125 61.489601135253906 61.492801666259766 61.56719970703125 62.323799133300781 62.235401153564453 62.144798278808594 62.011798858642578 61.950401306152344 61.925800323486328 62.034099578857422 62.452201843261719 62.310901641845703 62.182998657226563 62.085201263427734 62.096000671386719 62.027999877929688 61.979698181152344 61.802600860595703 61.711898803710937 61.693401336669922 61.913501739501953 61.909999847412109 61.670398712158203 62.145198822021484 72.054000854492188 60.471599578857422 60.007598876953125 59.698101043701172 58.949901580810547 58.424999237060547 58.423500061035156 58.417098999023438
62.220001220703125 62.266201019287109 62.280899047851563 62.225601196289063 62.248401641845703 62.256000518798828 62.147598266601563 61.773998260498047 61.485401153564453 61.491500854492187 61.481098175048828 61.4833984375 61.475601196289063 61.483798980712891 61.482898712158203 61.482799530029297 61.628200531005859 61.987998962402344 62.184600830078125 62.168598175048828 62.186698913574219 62.354301452636719 62.086200714111328 61.979198455810547 62.526199340820313 62.426700592041016 62.128101348876953 62.148899078369141 62.094398498535156 62.008998870849609 61.945899963378906 61.614601135253906 61.31829833984375 61.168598175048828 61.193901062011719 61.299900054931641 61.456600189208984 62.878101348876953 72.286796569824219 60.364200592041016 59.620899200439453 59.598701477050781 58.660800933837891 58.421100616455078 58.410099029541016 58.418201446533203
62.285499572753906 62.280200958251953 62.29840087890625 62.239200592041016 62.270099639892578 62.311798095703125 62.051300048828125 61.428901672363281 61.47650146484375 61.488899230957031 61.486598968505859 61.486499786376953 61.477100372314453 61.481399536132812 61.481800079345703 61.535499572753906 61.779899597167969 62.214000701904297 62.230098724365234 62.181400299072266 62.169498443603516 62.184398651123047 62.247600555419922 62.238998413085937 62.175098419189453 62.309700012207031 62.335800170898437 62.279899597167969 62.253200531005859 62.167999267578125 61.97760009765625 61.807701110839844 61.169700622558594 60.934398651123047 60.939998626708984 61.128501892089844 62.313999176025391 73.621002197265625 71.887100219726563 60.38690185546875 60.1885986328125 59.347801208496094 58.790798187255859 58.429901123046875 58.413501739501953 58.413398742675781
62.205001831054688 62.239601135253906 62.205600738525391 62.24530029296875 62.227901458740234 62.220798492431641 62.108001708984375 61.809600830078125 61.488201141357422 61.486499786376953 61.479198455810547 61.479999542236328 61.479999542236328 61.477401733398437 61.489498138427734 61.489398956298828 61.660701751708984 62.027698516845703 62.173999786376953 62.160900115966797 62.204601287841797 62.162498474121094 62.176898956298828 62.202201843261719 62.154201507568359 62.304000854492188 62.347599029541016 62.310001373291016 62.215400695800781 62.1968994140625 62.159099578857422 62.1343994140625 60.968399047851563 60.958400726318359 60.959098815917969 60.955799102783203 61.580600738525391 72.023300170898437 61.018001556396484 60.161800384521484 59.839801788330078 59.219699859619141 58.431198120117188 58.431999206542969 58.429100036621094 58.422901153564453
62.201099395751953 62.180698394775391 62.173999786376953 62.159099578857422 62.113601684570313 62.145698547363281 62.021099090576172 61.722999572753906 62.075698852539063 61.806499481201172 61.960300445556641 61.624801635742188 61.751300811767578 61.493099212646484 61.520599365234375 61.602401733398438 61.934898376464844 62.177200317382812 62.173500061035156 62.191898345947266 62.183700561523438 62.198398590087891 62.156501770019531 62.17340087890625 62.229999542236328 62.244899749755859 62.287300109863281 62.313899993896484 62.285701751708984 62.169898986816406 62.126499176025391 62.025501251220703 61.398300170898438 60.952400207519531 60.957698822021484 61.408500671386719 62.986801147460938 73.109298706054688 61.018199920654297 59.837200164794922 59.499500274658203 59.612098693847656 58.551498413085938 58.423801422119141 58.437099456787109 58.428600311279297
62.194099426269531 62.131000518798828 62.121101379394531 62.127601623535156 62.042900085449219 62.032299041748047 62.136398315429688 62.224899291992188 62.304500579833984 62.436698913574219 62.365699768066406 62.404499053955078 62.531200408935547 62.379798889160156 62.407299041748047 62.199100494384766 62.424701690673828 62.186298370361328 62.163200378417969 62.186199188232422 62.189300537109375 62.184101104736328 62.195598602294922 62.198001861572266 62.200000762939453 62.268600463867188 62.275001525878906 62.265098571777344 62.358001708984375 62.255100250244141 62.136299133300781 62.137199401855469 60.958198547363281 60.949901580810547 60.973098754882813 61.789798736572266 73.223396301269531 72.169898986816406 60.427898406982422 60.131099700927734 59.857101440429687 58.781398773193359 58.403598785400391 58.433300018310547 58.414901733398438 58.423900604248047
62.058300018310547 62.054298400878906 62.04010009765625 62.055698394775391 62.113498687744141 62.034000396728516 62.199501037597656 62.32080078125 62.417800903320312 62.513900756835938 62.5635986328125 62.593601226806641 62.55059814453125 62.60260009765625 62.489398956298828 62.409099578857422 62.301498413085938 62.171699523925781 62.1781005859375 62.167098999023438 62.181400299072266 62.169498443603516 62.189399719238281 62.290699005126953 62.337299346923828 62.362098693847656 62.295501708984375 62.317600250244141 62.339199066162109 62.271999359130859 62.207000732421875 62.000900268554688 61.459300994873047 60.947200775146484 60.943801879882812 61.335700988769531 72.082000732421875 61.477699279785156 60.266300201416016 59.77130126953125 59.822299957275391 58.475200653076172 58.424098968505859 58.42559814453125 58.424701690673828 58.402900695800781
61.894599914550781 61.857398986816406 61.939601898193359 61.897300720214844 61.977500915527344 62.180900573730469 61.9833984375 62.331901550292969 62.515098571777344 62.578498840332031 62.663299560546875 62.508399963378906 62.453701019287109 62.447601318359375 62.396800994873047 62.156898498535156 62.163501739501953 62.170799255371094 62.171001434326172 62.181400299072266 62.217098236083984 62.206199645996094 62.266300201416016 62.4468994140625 62.518199920654297 62.497699737548828 62.554000854492188 62.400600433349609 62.404499053955078 62.269199371337891 62.217998504638672 61.913600921630859 61.055198669433594 60.950901031494141 60.963600158691406 62.811698913574219 74.126701354980469 61.687400817871094 59.840599060058594 59.610000610351562 59.546001434326172 59.043899536132812 58.430000305175781 58.425701141357422 58.436199188232422 58.419998168945312
61.715400695800781 61.709701538085937 61.713100433349609 61.711799621582031 61.697101593017578 61.759998321533203 61.962699890136719 61.791900634765625 61.706298828125 61.874900817871094 62.025299072265625 62.242298126220703 62.13330078125 62.382499694824219 62.212799072265625 62.451301574707031 62.127700805664062 62.233600616455078 62.231998443603516 62.266201019287109 62.21099853515625 62.296001434326172 62.343399047851563 62.676998138427734 62.854301452636719 62.723201751708984 62.706699371337891 62.536899566650391 62.314701080322266 62.197101593017578 62.115299224853516 62.088699340820312 61.519798278808594 61.091098785400391 61.685298919677734 73.584602355957031 73.195503234863281 61.047599792480469 59.785900115966797 59.47760009765625 59.065101623535156 58.592899322509766 58.422500610351562 58.430000305175781 58.430000305175781 58.408298492431641
61.713001251220703 61.719600677490234 61.710800170898438 61.715198516845703 61.703601837158203 61.828899383544922 61.843101501464844 61.615299224853516 61.613700866699219 61.603599548339844 61.615299224853516 61.599201202392578 61.671699523925781 61.628700256347656 61.737899780273438 61.738399505615234 61.822799682617187 61.8291015625 61.962501525878906 62.1083984375 62.32550048828125 62.055500030517578 62.127998352050781 62.328800201416016 62.384700775146484 62.582099914550781 62.474300384521484 62.673698425292969 62.605201721191406 62.422901153564453 62.254001617431641 62.117698669433594 61.055999755859375 60.948600769042969 61.585098266601563 73.540496826171875 62.53179931640625 60.239101409912109 59.818000793457031 59.502899169921875 58.654399871826172 58.416599273681641 58.435699462890625 58.430698394775391 58.417198181152344 58.436100006103516
61.710899353027344 61.717700958251953 61.724399566650391 61.712898254394531 61.712001800537109 61.888801574707031 61.8031005859375 61.631500244140625 61.624801635742188 61.623600006103516 61.603298187255859 61.595199584960938 61.610000610351563 61.607799530029297 61.604598999023437 61.579498291015625 61.592601776123047 61.593399047851563 61.590000152587891 61.938899993896484 62.067798614501953 61.964099884033203 62.049701690673828 62.105899810791016 62.111900329589844 62.138599395751953 62.532901763916016 62.810699462890625 62.634201049804687 62.606601715087891 62.357799530029297 62.154598236083984 61.03179931640625 60.962600708007812 61.952701568603516 73.594398498535156 61.667400360107422 60.013900756835938 59.938301086425781 59.512599945068359 58.565898895263672 58.424198150634766 58.439998626708984 58.43280029296875 58.422000885009766 58.424900054931641
61.695301055908203 61.707500457763672 61.711498260498047 61.734798431396484 61.716701507568359 61.926101684570313 61.808399200439453 61.675498962402344 61.692501068115234 61.646900177001953 61.655101776123047 61.596099853515625 61.627498626708984 61.606498718261719 61.623699188232422 61.603599548339844 61.582199096679687 61.612098693847656 61.573398590087891 62.009998321533203 61.979198455810547 62.011199951171875 62.061000823974609 62.158199310302734 62.201400756835938 62.277698516845703 62.450199127197266 62.868099212646484 63.101799011230469 62.719898223876953 62.439998626708984 62.087299346923828 61.137699127197266 60.980300903320313 62.652500152587891 73.439903259277344 60.998500823974609 59.950801849365234 59.938701629638672 59.625198364257813 58.587398529052734 58.431400299072266 58.428798675537109 58.423301696777344 58.428298950195312 58.421398162841797
61.714801788330078 61.718101501464844 61.714801788330078 61.719398498535156 61.720401763916016 62.010601043701172 61.730701446533203 61.670101165771484 61.683399200439453 61.680599212646484 61.682399749755859 61.673301696777344 61.658599853515625 61.663101196289063 61.652698516845703 61.655899047851563 61.670700073242187 61.663501739501953 61.775398254394531 62.019699096679688 61.988800048828125 62.0458984375 62.138599395751953 62.316501617431641 62.340599060058594 62.362400054931641 62.320098876953125 62.948600769042969 62.912399291992188 62.649200439453125 62.463699340820313 61.936000823974609 61.197299957275391 61.142200469970703 73.299400329589844 72.687301635742188 60.628200531005859 59.924198150634766 59.973701477050781 59.456699371337891 58.445899963378906 58.43280029296875 58.416801452636719 58.418598175048828 58.428600311279297 58.418800354003906
61.716701507568359 61.716701507568359 61.725601196289063 61.714801788330078 61.727199554443359 62.11920166015625 61.689998626708984 61.683300018310547 61.666400909423828 61.677898406982422 61.685100555419922 61.680000305175781 61.686901092529297 61.659198760986328 61.668098449707031 61.657299041748047 61.640499114990234 61.715499877929688 61.971599578857422 62.014900207519531 62.102100372314453 62.144199371337891 62.180099487304688 62.406299591064453 62.457599639892578 62.402099609375 62.471500396728516 62.893001556396484 62.623199462890625 62.444198608398438 62.366798400878906 61.625999450683594 61.031200408935547 61.730201721191406 73.805702209472656 61.816699981689453 60.000400543212891 59.850898742675781 59.965400695800781 59.169601440429687 58.438301086425781 58.419998168945312 58.419998168945312 58.423099517822266 58.428901672363281 58.413898468017578
61.705799102783203 61.704299926757813 61.726100921630859 61.715099334716797 61.709300994873047 62.113800048828125 61.676300048828125 61.688201904296875 61.691299438476562 61.689998626708984 61.68389892578125 61.682998657226562 61.664398193359375 61.641399383544922 61.669898986816406 61.650001525878906 61.645801544189453 61.752101898193359 62.028400421142578 62.089000701904297 62.17919921875 62.229698181152344 62.275100708007813 62.399898529052734 62.4364013671875 62.458000183105469 62.635898590087891 62.945899963378906 62.777999877929687 62.515499114990234 61.604000091552734 60.993301391601562 60.955799102783203 62.763599395751953 74.078399658203125 61.068099975585938 59.985099792480469 59.990200042724609 60.17449951171875 59.207500457763672 58.442699432373047 58.419700622558594 58.435798645019531 58.428398132324219 58.437801361083984 58.421100616455078
61.7052001953125 61.700000762939453 61.712200164794922 61.715198516845703 61.742599487304687 61.941299438476563 61.693599700927734 61.69110107421875 61.687000274658203 61.68389892578125 61.752700805664063 61.699600219726562 61.751899719238281 61.678398132324219 61.655101776123047 61.724098205566406 61.872898101806641 61.985198974609375 62.016201019287109 62.127799987792969 62.172000885009766 62.292301177978516 62.419498443603516 62.446498870849609 62.515701293945313 62.570999145507813 62.865699768066406 63.053298950195313 62.966300964355469 62.233699798583984 61.375 61.010200500488281 60.957500457763672 73.666801452636719 73.093803405761719 60.61090087890625 59.965000152587891 60.088699340820313 60.017898559570313 58.918300628662109 58.430000305175781 58.421001434326172 58.437000274658203 58.422599792480469 58.432498931884766 58.445098876953125
61.678199768066406 61.703701019287109 61.702701568603516 61.698299407958984 61.785499572753906 61.918098449707031 61.706401824951172 61.675701141357422 61.686698913574219 61.677700042724609 61.672599792480469 61.664901733398438 61.694099426269531 61.675998687744141 61.668201446533203 61.819099426269531 62.029899597167969 62.055400848388672 62.108898162841797 62.238300323486328 62.336498260498047 62.322498321533203 62.49639892578125 62.537200927734375 62.601898193359375 62.772499084472656 63.087600708007813 63.159801483154297 62.836898803710938 61.380199432373047 60.983798980712891 61.012699127197266 61.224601745605469 74.064796447753906 62.225898742675781 60.331298828125 59.935100555419922 60.017898559570313 59.864799499511719 58.734401702880859 58.430000305175781 58.437400817871094 58.432701110839844 58.430000305175781 58.427299499511719 58.509899139404297
61.830898284912109 61.776500701904297 61.791000366210938 61.70989990234375 61.833000183105469 61.84429931640625 61.707801818847656 61.680000305175781 61.659599304199219 61.661998748779297 61.650001525878906 61.648799896240234 61.653598785400391 61.666301727294922 61.683601379394531 61.893398284912109 62.05780029296875 62.0791015625 62.174800872802734 62.372798919677734 62.408901214599609 62.361400604248047 62.609199523925781 62.676101684570313 62.698799133300781 62.880699157714844 63.113800048828125 63.123500823974609 62.794898986816406 60.9989013671875 60.952301025390625 61.050998687744141 62.104301452636719 73.53900146484375 61.587600708007813 60.277400970458984 59.967601776123047 59.948501586914063 59.574798583984375 58.458000183105469 58.436500549316406 58.430500030517578 58.430000305175781 58.430000305175781 58.420501708984375 58.627601623535156
61.997299194335938 62.068801879882813 62.0010986328125 61.944198608398438 62.100898742675781 61.91510009765625 61.658500671386719 61.692600250244141 61.723499298095703 61.677200317382813 61.666400909423828 61.661701202392578 61.650199890136719 61.662799835205078 61.655998229980469 61.917800903320312 62.077701568603516 62.149101257324219 62.284400939941406 62.397499084472656 62.499198913574219 62.585201263427734 62.677501678466797 62.697101593017578 62.733798980712891 62.783199310302734 63.024101257324219 63.058700561523438 62.913700103759766 60.952400207519531 60.956401824951172 61.249401092529297 62.956699371337891 72.975502014160156 60.910198211669922 60.117900848388672 60.03070068359375 59.760799407958984 59.181900024414062 58.433498382568359 58.444499969482422 58.436298370361328 58.430000305175781 58.427700042724609 58.422698974609375 58.77239990234375
