DownloadStableBinSampleDataDocuments/SampleData/domain/DEM_JHW_10m.asc
ncols         368
nrows         780
xllcorner     253643.27239136
yllcorner     399377.35652109
cellsize      10
NODATA_value  -9999
[rows 435 to 463 of 780, columns 192 to 255 of 368]
59.9984 60.0196 60.0552 60.0288 60.0029 59.9653 59.9828 60.0108 60.0178 59.9501 59.4117 60.2213 61.7690 62.4582 62.5655 62.6059 62.6428 62.6073 62.5546 62.4633 62.3382 62.4938 62.1671 61.9118 61.6446 61.5472 61.5300 61.4989 61.0065 60.8475 60.7885 61.3899 61.1336 61.0959 61.0299 60.8967 61.0959 61.0162 60.9914 60.6991 60.6531 60.9364 60.8706 60.8476 61.7785 72.8744 72.4236 60.6474 59.6386 59.0532 58.7139 58.6837 58.6382 58.5448 58.4504 58.3075 57.5446 56.9880 56.7821 56.6945 56.6817 56.6257 56.6375 56.6523
60.0732 60.0624 60.0784 60.0719 60.1291 60.0151 59.9808 59.9989 60.0093 59.8098 60.0776 60.1762 61.1115 62.1442 62.5620 62.6406 62.6487 62.6865 62.6577 62.5228 62.4865 62.3763 62.5105 62.0231 61.7465 61.3034 61.8132 61.4945 61.1183 61.0316 61.3819 62.0311 61.8588 61.5953 61.4656 61.0464 61.0405 61.1556 60.8604 60.7769 61.0363 61.2353 61.4736 61.3767 61.4425 62.1952 72.9289 61.5110 60.4609 59.3508 58.9587 58.7804 58.7410 58.8001 58.7647 58.4632 58.3923 57.6981 56.8277 56.7987 56.7124 56.6203 56.6542 56.6432
60.0514 60.0565 60.0701 60.1431 60.0818 60.0652 60.0136 59.9566 59.9699 60.0092 60.1335 60.1238 60.2102 61.2419 62.4849 62.6266 62.7235 62.7414 62.7928 62.7174 62.6831 62.6567 62.6731 62.1488 61.6939 61.6573 61.7666 61.9551 61.6347 61.7245 61.8053 62.0938 62.1233 61.9509 61.2415 61.5453 61.2331 60.9877 61.4492 61.0962 61.1191 61.5910 62.8047 61.9726 61.2266 62.1496 72.7014 73.1634 61.4528 59.5691 59.0646 58.9801 59.0121 59.0610 58.3662 58.8123 58.4645 57.5140 56.8144 56.8465 56.7750 56.7026 56.6402 56.6501
60.0440 60.0837 60.0848 60.0898 60.0842 60.0921 60.0585 60.0213 60.0092 60.0684 60.0913 59.8141 59.9340 61.5421 62.4656 62.6430 62.6075 62.8184 63.0294 62.9597 62.7908 62.7563 62.6655 62.1027 61.8342 61.5012 61.6309 62.1383 61.9555 61.8688 61.8965 61.9485 62.1675 61.9988 61.9159 61.5381 61.3481 61.5713 62.0682 61.6711 61.2276 61.7603 62.5294 62.4864 61.9797 62.7036 62.8453 73.0024 60.5991 59.5023 59.2320 59.3325 59.1892 58.7365 58.9471 58.7215 58.5644 57.4799 56.8305 56.8815 56.8362 56.7005 56.6514 56.6598
60.0584 60.0866 60.0661 60.0826 60.1581 60.1352 60.1080 60.0621 59.9899 60.2818 60.0485 59.6035 60.3529 61.5104 62.4560 62.5996 62.6275 62.7653 62.8984 63.0892 63.0657 62.9336 62.8139 62.3482 61.7062 61.7912 62.2903 62.2119 62.0006 61.8558 62.0165 62.1012 62.1564 62.0557 62.1441 61.7251 61.4382 61.5996 62.0387 62.0633 61.5813 62.0818 62.2850 62.3544 62.5056 62.6995 62.9012 72.6156 61.1823 59.3001 59.3231 59.0691 59.0842 59.0166 58.8475 58.7390 58.6185 58.1530 57.4900 56.9849 56.8842 56.7585 56.6213 56.6563
60.0712 60.0883 60.0560 60.0853 60.1325 60.1299 60.0586 60.0715 60.6123 60.1489 60.1515 60.1750 60.1415 60.6347 61.6843 62.5827 62.6308 62.5978 62.7130 63.0481 63.2676 63.1211 62.9150 62.5074 62.2035 62.2356 62.5001 62.1821 61.9852 62.1461 62.2522 62.1984 62.0803 61.9897 61.9144 61.8562 61.5330 61.7639 61.7370 61.7977 61.8448 62.0755 62.3089 62.4423 62.5645 62.4691 62.7178 73.2792 62.3997 60.7498 58.5031 59.2736 59.1135 58.9778 58.8208 58.6884 58.5983 58.4843 58.0860 57.5623 57.0225 56.8342 56.7006 56.6429
60.0821 60.0729 60.0815 60.0708 60.1054 60.0672 60.0995 60.3723 60.1272 60.1573 60.1663 60.1646 60.1403 60.1581 60.7333 62.1530 62.6788 62.5823 62.6752 63.3415 63.2756 63.0422 62.8073 62.6438 62.6610 62.5279 62.5011 62.2534 62.2460 62.0865 62.1297 61.9115 61.8415 61.8391 61.7241 61.6511 61.5619 61.5897 61.5810 61.6364 61.6289 62.2458 61.6063 62.2924 62.4720 61.9825 62.8222 73.0581 73.1751 61.8637 60.1912 59.0630 59.0101 58.8714 58.8127 58.6998 58.6163 58.5569 58.5046 57.3238 56.9775 56.9624 56.8084 56.7154
60.0525 60.0346 60.0315 60.0554 60.0747 60.0824 60.0731 60.4064 60.1156 60.1565 60.1643 60.1564 60.2761 59.9023 61.2015 62.3255 62.5598 62.5104 62.8919 63.1964 63.2156 63.0130 62.6608 62.6893 62.5013 62.5080 62.4912 62.2531 62.1689 61.9394 61.9129 61.8019 61.7821 61.6862 61.6666 61.6366 61.5592 61.6522 61.6563 61.3007 61.2840 61.1471 61.4064 61.6820 61.1960 61.9331 62.5065 62.9228 73.0389 72.1062 60.6247 59.4247 58.9094 58.9197 58.8441 58.7102 58.7014 58.6894 58.2501 57.2204 56.9455 56.9475 56.8844 56.7531
60.0776 60.0699 60.0785 60.0705 60.0586 60.0712 60.4637 60.1284 60.1405 60.1624 60.1521 60.1595 59.8733 59.7355 61.0063 62.0386 62.4966 62.5114 62.5784 62.8730 63.1289 62.9167 62.7395 62.5623 62.5050 62.5326 62.5943 62.2505 62.1724 61.9322 61.9237 61.7835 61.7412 61.9259 61.8374 61.6739 61.5528 61.7752 61.3827 61.2216 61.0691 61.1566 61.0667 60.8676 61.2398 61.6709 62.1662 62.6006 62.7862 72.0746 60.6917 59.2775 59.0174 58.9614 58.8319 58.7782 58.7697 58.7073 58.6444 57.9681 57.2523 56.9767 56.8886 56.7680
60.0468 60.0639 60.0513 60.0409 60.0412 60.3806 60.1598 60.1957 60.1752 60.1983 60.1447 60.1282 59.9829 60.1059 60.1465 61.2314 62.3649 62.6296 62.6801 62.6308 62.8751 62.8931 62.6078 62.6031 62.4606 62.4898 62.3677 62.2336 62.1382 62.0188 62.1611 61.9431 61.8517 61.9288 61.8458 61.7862 61.8438 61.5927 61.4798 61.4881 61.3577 61.1311 60.9146 60.8658 61.2219 61.5483 61.8335 62.8107 62.8422 72.9578 61.7230 59.8988 59.1017 59.0047 58.8862 58.8631 58.8165 58.8006 58.7586 58.6276 57.9395 57.2733 57.0300 56.8849
60.0280 60.0752 59.9948 60.0632 60.4108 60.2006 60.1665 60.1779 60.1514 60.1636 60.1692 60.1671 60.1270 60.1245 60.2274 61.6079 62.0932 62.7493 62.6354 62.6944 62.8021 62.8041 62.7219 62.5047 62.4038 62.3702 62.4438 62.3907 62.3133 62.4326 62.3271 61.8566 61.8303 61.8536 61.8780 61.6652 61.5195 61.6567 61.5904 61.5881 61.5581 61.0562 60.9070 60.9548 61.1505 61.2833 62.1482 62.7154 62.9650 73.1853 73.4688 61.8294 59.9221 59.0654 58.9611 58.9164 58.8916 58.8206 58.7716 58.6774 58.5203 57.9056 57.3109 56.9720
60.1374 60.0971 60.0719 60.3731 60.1728 60.1113 60.1119 60.1228 60.1345 60.1164 60.1711 60.1639 60.1547 60.2948 60.2465 61.3331 62.5743 62.6202 62.6382 62.7582 62.8229 62.5464 62.5602 62.4603 62.5659 62.5724 62.5917 62.4470 62.4556 62.2782 61.7859 61.8152 61.8624 61.6998 61.6867 61.5912 61.4657 61.6345 61.6647 61.7109 61.2771 61.1183 60.9917 60.9992 61.1335 61.3097 62.1074 62.7279 62.9671 63.2171 73.6019 73.4004 61.1721 59.5224 59.0319 58.9949 58.9076 58.8483 58.7978 58.6945 58.5975 58.3548 57.8788 56.9722
60.1525 60.1430 60.1552 60.3221 60.1137 60.0558 60.0950 60.1108 60.0729 60.1179 60.1699 60.1814 60.1808 60.0401 60.6163 61.6557 62.1354 62.5877 62.6892 62.5718 62.5176 62.5614 62.5853 62.6037 62.6096 62.7001 62.5502 62.2901 62.4571 61.7882 61.6065 61.7389 61.7018 61.7117 61.8464 61.7191 61.7350 61.6696 61.7484 61.4822 61.3215 61.1724 61.0481 61.1013 60.9662 61.9949 62.3977 62.8664 63.0213 63.1236 63.2212 72.9507 61.6344 59.9601 59.1647 59.0544 58.9613 58.9111 58.8738 58.7781 58.6947 58.5573 56.9712 56.8238
60.1685 60.1599 60.1959 60.1829 60.1090 60.0726 60.0868 60.0585 60.0519 60.1100 60.1655 60.1709 60.1511 60.1164 60.6542 61.1056 61.7948 62.4765 62.6188 62.5303 62.5979 62.5930 62.5660 62.5279 62.6249 62.6653 62.5048 62.4041 62.4592 61.8351 61.5761 61.6955 61.6965 62.0564 61.8894 61.8192 61.6833 61.6036 61.5872 61.4178 61.3128 61.3248 61.1665 61.1729 61.5979 61.9672 62.3005 62.8439 62.9746 63.2245 62.7475 72.7876 71.6158 59.7180 59.1919 59.1129 58.9854 59.0152 58.8961 58.7692 58.6767 57.7358 57.3764 57.0361
60.1783 60.3438 60.1447 60.1774 60.1376 60.1054 60.0588 60.0696 60.0640 60.0783 60.1322 60.1197 60.1241 60.1078 59.8886 60.8889 62.0232 62.2679 62.4002 62.5566 62.5720 62.4972 62.5476 62.5139 62.5733 62.5797 62.5316 62.5534 62.2351 61.6477 61.8707 61.7966 61.7850 61.9703 61.7032 61.6244 61.5306 61.7058 61.5698 61.4594 61.4526 61.3899 61.3074 61.3744 61.3182 61.7775 62.6441 62.9355 63.1678 62.2014 63.1575 63.1238 72.4978 60.8445 59.2459 59.1833 59.1177 58.9652 58.7559 58.2976 58.1406 58.2884 58.3879 57.6009
60.3068 60.4645 60.1912 60.1421 60.1421 60.1449 60.1380 60.0878 60.0580 60.0775 60.1007 60.0738 60.1935 60.1598 60.4582 60.5868 61.3042 61.8999 62.4773 62.5015 62.4032 62.5171 62.5271 62.7264 62.6449 62.6455 62.5831 62.4794 62.1447 62.1069 62.0236 61.8262 61.9956 61.9514 61.7711 61.5275 61.7250 61.7614 61.6851 61.5646 61.8079 61.6826 61.6221 61.7070 61.8045 62.2637 62.7542 62.9200 62.6034 63.1486 63.1588 63.3441 73.1893 62.5345 60.6466 59.2769 59.0175 58.6888 58.5438 58.4162 59.1304 58.8900 58.4867 58.0556
60.3436 60.2749 60.2055 60.1672 60.1532 60.1425 60.1236 60.1146 60.1091 60.0974 60.0604 60.0234 59.9864 60.1169 60.2649 60.4530 61.1932 61.9712 62.4398 62.5001 62.5751 62.6352 62.6942 62.7172 62.6052 62.5235 62.4457 62.3927 62.3448 62.2994 62.2434 62.2727 62.3087 62.2151 61.9741 61.7306 61.7387 61.7627 61.7884 61.8066 61.8016 61.8856 61.9766 62.1417 62.3497 62.5676 62.4808 62.2008 61.8046 61.0986 60.0276 61.0150 72.1640 72.6444 60.9444 59.2338 59.0224 58.9644 59.0089 59.1490 59.1900 58.9751 58.7401 58.3320
60.2823 60.2817 60.2940 60.2713 60.2008 60.1408 60.1327 60.1287 60.1116 60.0806 60.0529 60.2076 60.3766 60.4516 60.4059 60.3729 61.0558 61.7948 62.1461 62.4671 62.6833 62.8427 62.9937 63.0199 62.8834 62.7574 62.7019 62.6519 62.5482 62.4292 62.3012 62.2972 62.2992 62.2209 62.0447 61.8917 61.8462 61.8092 61.7684 61.7564 61.7444 61.8509 61.9609 62.1068 62.2963 62.4753 60.7962 58.9712 58.9267 61.2317 63.3362 63.5629 63.4189 72.6238 60.9629 59.3189 59.1585 59.1145 59.0684 59.0534 59.0450 58.9584 58.8704 58.4885
60.2467 60.2640 60.2740 60.2466 60.1956 60.1462 60.1343 60.1233 60.0986 60.0583 60.0243 60.1609 60.3109 60.4260 60.4530 60.4784 60.4549 60.4199 60.7694 61.6237 62.4527 62.5992 62.6923 62.7294 62.6954 62.6606 62.6451 62.6581 62.6062 62.4440 62.2270 62.1658 62.1168 62.0189 61.8479 61.6753 61.6913 61.7183 61.7504 61.8010 61.8790 61.8642 61.8422 61.8911 62.0161 62.1313 60.5745 58.8655 58.9150 61.2311 63.3321 63.4414 63.3944 73.1739 62.3479 61.4253 60.5772 59.6232 59.0828 59.1075 59.1574 59.0591 58.9491 58.5251
60.5052 60.3455 60.2600 60.2554 60.2648 60.2658 60.2223 60.1753 60.1210 60.0530 59.9719 60.1617 60.3557 60.4710 60.4819 60.4950 60.4152 60.3282 60.6132 61.5022 62.3789 62.4653 62.5043 62.5706 62.6567 62.7027 62.7709 62.8409 62.7691 62.4581 62.1520 62.1698 62.2168 62.1425 61.9117 61.6957 61.6281 61.5721 61.5998 61.7398 61.8905 61.8746 61.8426 61.9917 62.3998 62.8458 61.0219 59.0199 58.7728 60.1328 61.6933 62.3948 63.0658 73.4583 73.5085 63.6324 61.9910 60.2110 59.1517 59.1527 59.1692 59.0844 59.0134 58.8056
60.5100 60.4666 60.3535 60.2572 60.2555 60.2597 60.2163 60.1703 60.1938 60.3268 60.4516 60.4898 60.4616 60.4628 60.4683 60.4860 60.3807 60.3319 60.7123 61.4425 62.1562 62.3425 62.4258 62.5164 62.5862 62.6602 62.7754 62.8948 62.8624 62.4528 62.0424 62.1037 62.3985 62.3798 62.0568 61.9162 61.7189 61.4982 61.4470 61.6745 61.8477 61.7084 61.6532 61.8368 62.3473 62.8702 61.8012 60.3058 59.0171 60.3035 62.2723 63.5536 63.4348 63.4423 73.5866 73.6387 62.0304 60.3194 59.2027 59.1644 59.1369 59.1195 59.1018 59.0079
60.5377 60.5277 60.5381 60.4956 60.3725 60.2615 60.2432 60.2442 60.2779 60.3738 60.4727 60.4716 60.4526 60.4428 60.4512 60.4572 60.4367 60.4107 60.6715 61.5515 62.3891 62.5622 62.5333 62.5566 62.6841 62.7971 62.8406 62.8696 62.7714 62.3674 61.9648 61.9682 62.0552 62.0611 61.9001 61.7391 61.5946 61.4536 61.3867 61.3887 61.4094 61.4606 61.5166 61.7257 62.2604 62.8384 61.2689 59.2508 58.6401 60.9421 63.2426 63.6279 63.6499 63.6562 63.6113 73.4893 62.0305 60.2925 59.1329 59.1429 59.1565 59.1600 59.1600 59.1273
60.5507 60.5258 60.5148 60.4994 60.3754 60.2507 60.1406 60.0616 60.0834 60.2994 60.4624 60.4930 60.4960 60.4823 60.4783 60.4685 60.4396 60.4136 60.4177 60.4778 60.5138 61.1851 61.9891 62.5693 62.6943 62.8222 62.8247 62.7847 62.6243 62.2317 61.9017 61.8993 61.9652 61.9293 61.7133 61.4815 61.4988 61.5608 61.5560 61.4182 61.2972 61.2523 61.2233 61.4402 62.1332 62.8478 61.2872 59.2562 58.6075 60.7951 62.9612 63.6911 64.1211 64.2832 63.9732 73.6430 62.2942 60.7892 59.7319 59.5630 59.2640 59.2099 59.2068 59.1722
60.6055 60.5458 60.5401 60.5401 60.5400 60.5350 60.5035 60.4665 60.4439 60.4459 60.4500 60.4432 60.4372 60.4352 60.4400 60.4400 60.4499 60.4619 60.4804 60.4974 60.5187 61.2009 62.0369 62.6347 62.7308 62.7788 62.7176 62.6336 62.5323 62.3363 62.1324 62.0900 62.0680 62.0041 61.8553 61.7113 61.7758 61.8838 61.9173 61.8122 61.7080 61.5379 61.3519 61.4591 62.1130 62.5380 61.0008 59.0538 59.2730 61.1190 63.2798 63.8934 64.1474 64.2443 64.0006 73.6846 62.9318 62.0878 61.2890 60.2440 59.2537 59.1417 59.2087 59.2102
60.6896 60.6450 60.5541 60.5474 60.5444 60.5414 60.5166 60.4926 60.4751 60.4682 60.4492 60.4335 60.4185 60.4229 60.4279 60.4401 60.4704 60.4964 60.4727 60.3691 60.3571 61.1128 62.0288 62.5768 62.5748 62.5628 62.5975 62.6525 62.6551 62.5525 62.4595 62.3301 62.1931 62.0278 61.9028 61.7707 61.8342 61.9392 61.9814 61.8944 61.8074 61.7435 61.6845 61.6306 61.5576 61.4918 61.8355 62.2685 62.7447 63.3139 63.8999 64.0259 64.0559 64.0049 63.8119 73.6246 63.5764 63.6494 63.1308 61.3527 59.3987 59.1951 59.3571 59.3899
60.5923 60.6593 60.6064 60.5358 60.3145 60.0305 60.1799 60.4199 60.5990 60.5300 60.4610 60.4464 60.4464 60.4438 60.4340 60.4171 60.5787 60.7777 60.8544 60.8074 60.7417 61.2022 61.7342 62.1274 62.2531 62.4511 62.5267 62.5767 62.5766 62.3996 62.2326 62.1368 62.0378 61.9362 61.8398 61.7868 61.8463 61.9293 61.9820 61.9230 61.8683 61.8306 61.7886 61.7427 61.6946 61.6706 62.2687 62.9967 63.5471 63.8111 64.0665 64.0985 64.0835 64.0253 63.8807 73.7456 73.7463 73.7753 63.1662 61.3582 59.5301 59.2377 59.2397 59.2155
60.5924 60.6051 60.6540 60.6908 60.6528 60.6162 60.6085 60.6035 60.5802 60.5210 60.4690 60.4567 60.4527 60.4592 60.4972 60.5266 60.6061 60.6880 60.7452 60.7488 60.7428 60.7269 60.7089 60.9278 61.6288 62.3362 62.5378 62.6427 62.6745 62.5330 62.3000 62.0074 61.7024 61.6047 61.7807 61.9467 61.9635 61.9434 61.9300 61.9300 61.9300 61.8837 61.8277 61.7810 61.7880 61.7857 62.0316 62.3235 62.7255 63.3523 63.9743 64.0702 64.0562 64.0553 64.0863 64.1087 63.9576 73.7656 63.0684 61.3294 59.5784 59.2436 59.2046 59.1410
60.6769 60.5724 60.5841 60.6442 60.6318 60.6508 60.6401 60.6230 60.6023 60.6133 60.6157 60.5606 60.4866 60.4348 60.4288 60.4228 60.5293 60.6593 60.7346 60.7416 60.7407 60.7079 60.6519 60.8486 61.5752 62.3452 62.6089 62.7669 62.7102 62.1972 61.6964 61.5688 61.5278 61.5431 61.6705 61.7835 61.8402 61.8852 61.9379 61.9719 62.0030 61.8696 61.7236 61.6601 61.7501 61.7751 61.8895 62.0225 62.3459 63.1638 63.9661 64.0749 64.0499 64.0380 64.0488 64.0428 63.9442 73.8262 73.2473 61.7063 60.1280 59.6795 59.4205 59.2086
60.5421 60.5411 60.5458 60.4558 60.5578 60.6296 60.6202 60.5962 60.5839 60.5947 60.6007 60.5538 60.4958 60.5513 60.7663 60.9633 60.8764 60.6855 60.5782 60.6462 60.7262 60.6672 60.5792 60.7638 61.5728 62.3725 62.6323 62.7823 62.7006 62.1462 61.6062 61.4864 61.4544 61.4240 61.4510 61.4845 61.6220 61.7710 61.8571 61.8218 61.8178 61.7907 61.7587 61.7486 61.7346 61.7221 61.7446 61.7776 62.0829 62.9184 63.6334 63.8156 63.8866 64.0532 64.1802 64.2892 64.1182 63.8622 73.3942 62.5362 61.8662 61.0275 60.1535 59.4227
