DownloadStableBinSampleDataDocuments/SampleData/domain/DEM_JHW_10m_BP1.asc
ncols        368
nrows        780
xllcorner    253643.272391359990
yllcorner    399377.356521090030
cellsize     10.000000000000
NODATA_value  -9999
[rows 0 to 20 of 780, columns 230 to 275 of 368]
57.57080078125 57.885299682617188 57.930900573730469 57.848800659179688 57.407100677490234 57.815898895263672 58.019199371337891 58.038600921630859 57.896598815917969 57.951000213623047 58.220298767089844 69.142997741699219 68.16259765625 55.398300170898437 55.341800689697266 55.384998321533203 55.395000457763672 55.401500701904297 55.710498809814453 55.930198669433594 53.527698516845703 52.620098114013672 53.116199493408203 53.495201110839844 52.856201171875 52.549999237060547 52.767299652099609 52.995998382568359 53.138301849365234 53.40679931640625 54.243999481201172 54.773799896240234 54.509700775146484 54.231998443603516 52.380401611328125 52.170200347900391 52.093799591064453 52.033298492431641 52.027500152587891 52.042999267578125 52.077400207519531 52.025798797607422 52.063999176025391 52.408000946044922 53.824298858642578 54.74420166015625
58.490699768066406 57.423500061035156 57.840999603271484 57.879901885986328 57.872200012207031 58.003299713134766 58.043300628662109 58.026599884033203 58.036300659179688 58.175800323486328 68.867996215820312 68.820297241210937 55.440101623535156 55.377899169921875 55.412399291992187 55.401901245117187 55.4208984375 56.260299682617188 56.166099548339844 53.754001617431641 53.222499847412109 53.424098968505859 53.530200958251953 53.272098541259766 52.7135009765625 52.609699249267578 52.735698699951172 52.777500152587891 52.720001220703125 52.583198547363281 53.006401062011719 53.839599609375 53.429000854492188 51.946399688720703 52.144699096679688 52.167098999023438 52.068698883056641 52.064701080322266 52.039798736572266 52.045101165771484 52.046798706054687 52.114299774169922 52.727901458740234 54.238800048828125 54.624500274658203 54.508998870849609
58.519599914550781 58.037799835205078 57.358798980712891 57.575801849365234 57.809299468994141 58.062999725341797 58.094699859619141 57.951900482177734 58.069099426269531 58.210899353027344 69.223800659179687 56.465198516845703 55.362899780273437 55.427299499511719 55.405200958251953 55.353500366210938 56.560600280761719 56.019798278808594 54.017398834228516 53.519199371337891 53.562099456787109 52.651500701904297 53.876399993896484 52.585601806640625 52.553199768066406 52.578701019287109 52.606800079345703 52.629798889160156 52.649398803710938 52.609699249267578 52.091800689697266 51.946601867675781 51.973800659179688 51.99420166015625 52.01300048828125 52.161201477050781 52.126899719238281 52.118301391601563 52.059398651123047 52.059501647949219 52.411098480224609 54.412899017333984 53.845699310302734 54.819999694824219 54.933300018310547 56.182201385498047
58.260799407958984 57.152801513671875 57.07080078125 57.147098541259766 57.048000335693359 56.827400207519531 57.272499084472656 57.821201324462891 58.598598480224609 69.160102844238281 68.204498291015625 55.530399322509766 55.387798309326172 55.407001495361328 55.383701324462891 56.715599060058594 56.177600860595703 54.1260986328125 53.442001342773438 53.262901306152344 53.037998199462891 54.053501129150391 53.133201599121094 52.511001586914063 52.608898162841797 52.486900329589844 52.542900085449219 52.560501098632813 52.429901123046875 52.105400085449219 51.948101043701172 51.910900115966797 51.948799133300781 52.0625 52.061798095703125 52.087200164794922 52.081298828125 52.116298675537109 53.19110107421875 54.059200286865234 55.0010986328125 54.836399078369141 54.122100830078125 55.134300231933594 56.08380126953125 56.299198150634766
56.946399688720703 56.834598541259766 56.932899475097656 56.931499481201172 56.817501068115234 56.63909912109375 56.153800964355469 56.824600219726562 68.793098449707031 69.077102661132813 57.987499237060547 56.962501525878906 55.695098876953125 55.699699401855469 56.056499481201172 55.676998138427734 53.601299285888672 53.038398742675781 53.065399169921875 53.631500244140625 54.063701629638672 53.497200012207031 52.577301025390625 52.508800506591797 52.252498626708984 53.125701904296875 52.347698211669922 52.175300598144531 52.022598266601563 51.964401245117187 51.947700500488281 51.930400848388672 51.916099548339844 51.981399536132813 52.101898193359375 52.728298187255859 54.266899108886719 54.819698333740234 55.060699462890625 55.121200561523438 55.708000183105469 56.036899566650391 55.367599487304688 55.797698974609375 56.705600738525391 56.379100799560547
56.347499847412109 56.377998352050781 56.333301544189453 56.432998657226563 56.6531982421875 56.416900634765625 56.481498718261719 68.247703552246094 69.139900207519531 57.463401794433594 56.749298095703125 56.669399261474609 55.498001098632813 55.1781005859375 54.718799591064453 53.210700988769531 53.285900115966797 53.474800109863281 54.270900726318359 54.819999694824219 53.795398712158203 52.603099822998047 52.233200073242188 52.247299194335938 53.079200744628906 52.466400146484375 51.966098785400391 51.939601898193359 51.934200286865234 51.937400817871094 51.943199157714844 51.99169921875 52.157501220703125 52.441501617431641 53.688999176025391 54.761501312255859 55.082000732421875 55.302799224853516 55.231498718261719 55.391799926757812 55.867500305175781 56.068500518798828 56.46820068359375 56.055801391601563 55.952999114990234 56.157100677490234
56.341999053955078 56.324001312255859 56.298099517822266 56.335201263427734 56.402000427246094 56.372600555419922 57.123001098632812 68.638099670410156 58.150199890136719 56.54840087890625 56.377201080322266 56.29119873046875 56.345699310302734 55.200698852539062 53.544399261474609 53.252799987792969 53.596298217773438 54.603801727294922 55.193199157714844 54.211299896240234 52.946300506591797 52.229198455810547 52.011199951171875 52.001499176025391 52.036701202392578 51.970100402832031 51.950901031494141 51.941898345947266 51.936798095703125 51.965499877929688 51.966701507568359 51.993099212646484 53.303298950195313 54.352100372314453 54.808399200439453 55.351398468017578 55.356700897216797 55.053699493408203 54.956600189208984 55.485500335693359 55.773300170898438 55.937099456787109 56.333000183105469 56.611099243164063 57.164699554443359 58.174701690673828
56.343101501464844 56.318099975585937 56.37969970703125 56.457199096679688 56.482101440429688 56.481098175048828 57.902099609375 68.717796325683594 57.047000885009766 56.041000366210938 56.217201232910156 56.423301696777344 55.787101745605469 54.178699493408203 53.388500213623047 53.975601196289062 54.857799530029297 55.086299896240234 54.592700958251953 53.123798370361328 52.069099426269531 52.026500701904297 51.993000030517578 51.983898162841797 51.986801147460937 51.973098754882813 51.958599090576172 51.961799621582031 51.981300354003906 51.992599487304688 52.083499908447266 53.535198211669922 54.803901672363281 54.818901062011719 55.148899078369141 56.209499359130859 67.309097290039062 67.901298522949219 68.507499694824219 69.093597412109375 69.281501770019531 69.199996948242188 69.296798706054688 69.455001831054687 69.7427978515625 69.887397766113281
56.384998321533203 56.414699554443359 56.467300415039063 56.456401824951172 56.428001403808594 57.556999206542969 69.144699096679688 67.8218994140625 56.112499237060547 56.076198577880859 56.034999847412109 55.788700103759766 54.4541015625 53.434600830078125 54.035400390625 54.690399169921875 55.115501403808594 53.962299346923828 52.152099609375 52.058101654052734 52.056598663330078 52.032199859619141 52.006999969482422 52.003299713134766 52.00360107421875 51.983100891113281 51.956600189208984 51.968700408935547 51.973201751708984 52.437198638916016 53.736698150634766 54.626499176025391 54.856300354003906 55.76300048828125 57.520198822021484 69.050498962402344 69.076400756835938 58.981800079345703 58.628398895263672 58.762798309326172 59.141998291015625 58.910198211669922 58.681400299072266 58.819900512695313 59.211101531982422 59.648899078369141
56.402400970458984 56.394599914550781 56.362598419189453 56.429000854492188 57.128398895263672 68.89990234375 68.444602966308594 56.501998901367188 56.121700286865234 55.959499359130859 56.047599792480469 55.501598358154297 53.645599365234375 53.735599517822266 54.974601745605469 54.600101470947266 53.097999572753906 52.067298889160156 52.065799713134766 52.043899536132813 52.025798797607422 52.025199890136719 52.007999420166016 52.010299682617188 51.995098114013672 51.962898254394531 51.957500457763672 52.027801513671875 53.085700988769531 54.935398101806641 54.560600280761719 54.720600128173828 55.668399810791016 57.69329833984375 69.348701477050781 68.886802673339844 58.515201568603516 58.333000183105469 58.466598510742188 58.813499450683594 58.800800323486328 58.341098785400391 58.208400726318359 58.904399871826172 58.955398559570312 59.193901062011719
56.346298217773438 56.353298187255859 56.420600891113281 56.657699584960937 67.9552001953125 68.906196594238281 57.179500579833984 56.118900299072266 56.178001403808594 56.073299407958984 55.924598693847656 53.887298583984375 53.461299896240234 53.341499328613281 53.620700836181641 52.1697998046875 52.099399566650391 52.064300537109375 52.049800872802734 52.002799987792969 52.036300659179687 52.028598785400391 52.023700714111328 52.016201019287109 52.019401550292969 52.013999938964844 52.129299163818359 52.699298858642578 54.817798614501953 54.597499847412109 54.654800415039062 55.613601684570313 57.596099853515625 69.58599853515625 69.643898010253906 59.188301086425781 58.294998168945313 58.263500213623047 58.841701507568359 58.643100738525391 58.795101165771484 58.460201263427734 58.253299713134766 57.976600646972656 58.666301727294922 59.184299468994141
56.452800750732422 56.5010986328125 56.351100921630859 56.643798828125 69.068702697753906 58.060398101806641 56.235198974609375 56.261501312255859 56.056999206542969 56.508800506591797 54.277801513671875 53.590801239013672 54.038200378417969 54.001300811767578 52.103298187255859 52.097099304199219 52.083198547363281 52.081401824951172 52.065898895263672 52.026199340820312 52.004901885986328 51.994499206542969 51.976100921630859 51.959400177001953 52.070899963378906 52.162998199462891 52.439998626708984 55.049800872802734 54.610198974609375 54.6531982421875 55.385398864746094 57.265300750732422 69.581398010253906 69.737396240234375 59.743198394775391 59.318000793457031 58.737098693847656 59.072399139404297 58.884300231933594 58.795700073242188 58.738300323486328 58.400798797607422 58.125301361083984 58.072898864746094 58.2593994140625 57.939800262451172
58.095401763916016 59.042301177978516 59.121898651123047 69.073600769042969 69.014297485351563 56.474399566650391 56.272499084472656 56.193801879882813 56.417301177978516 55.213798522949219 53.114898681640625 54.626399993896484 54.143699645996094 52.129600524902344 52.0989990234375 52.097599029541016 52.106098175048828 52.109699249267578 52.118900299072266 52.162300109863281 52.126201629638672 51.998298645019531 51.933601379394531 52.092399597167969 52.285999298095703 52.043300628662109 54.438899993896484 54.668399810791016 54.576900482177734 54.887901306152344 56.884899139404297 69.592201232910156 69.704200744628906 59.779098510742187 59.49420166015625 59.253898620605469 59.212799072265625 58.706401824951172 58.747299194335937 58.656700134277344 58.568698883056641 58.486000061035156 58.046100616455078 58.444499969482422 58.479598999023437 58.525299072265625
58.771701812744141 59.166000366210938 68.631103515625 69.127700805664063 56.927600860595703 56.296001434326172 56.285499572753906 56.232898712158203 55.876499176025391 54.801498413085937 53.915401458740234 52.433601379394531 52.191898345947266 52.106899261474609 52.100399017333984 52.10260009765625 52.138999938964844 52.20989990234375 52.134998321533203 52.228000640869141 52.021099090576172 51.981201171875 52.041801452636719 52.297798156738281 52.303199768066406 52.710700988769531 54.5791015625 55.063999176025391 54.878501892089844 56.419101715087891 69.27960205078125 69.756500244140625 59.904098510742188 59.942901611328125 59.516700744628906 59.251701354980469 58.945201873779297 58.6885986328125 58.808799743652344 58.846401214599609 58.834201812744141 58.510200500488281 58.824699401855469 58.543498992919922 58.913299560546875 58.689998626708984
58.913700103759766 59.059600830078125 69.178497314453125 57.767898559570313 56.399501800537109 56.238601684570313 56.265800476074219 56.354099273681641 54.819801330566406 53.974399566650391 52.499000549316406 52.133998870849609 52.118301391601563 52.126201629638672 52.102500915527344 52.258598327636719 53.263698577880859 54.651901245117188 54.811298370361328 52.604198455810547 52.050498962402344 52.011501312255859 52.181301116943359 52.276100158691406 52.516998291015625 54.565200805664063 54.741901397705078 54.805301666259766 55.553398132324219 68.443199157714844 69.183296203613281 59.328998565673828 59.679599761962891 59.848701477050781 59.3739013671875 59.007598876953125 58.953800201416016 59.521900177001953 58.939300537109375 59.016899108886719 58.907398223876953 58.833301544189453 58.665000915527344 58.588298797607422 58.905300140380859 58.810199737548828
59.099098205566406 69.198196411132813 68.584999084472656 56.799999237060547 56.505901336669922 56.426898956298828 56.014400482177734 55.379501342773437 53.680500030517578 52.460601806640625 52.153099060058594 52.141201019287109 52.130001068115234 52.112701416015625 53.454299926757813 53.619499206542969 54.056499481201172 52.895500183105469 52.547000885009766 52.271198272705078 52.095100402832031 52.159000396728516 52.28900146484375 52.707599639892578 53.883998870849609 54.680500030517578 54.768299102783203 55.165699005126953 67.219100952148438 68.994300842285156 59.120098114013672 59.141101837158203 59.805400848388672 59.914699554443359 59.428298950195313 59.173698425292969 59.173500061035156 59.227298736572266 59.216999053955078 59.169101715087891 59.073299407958984 58.949298858642578 58.701900482177734 58.693500518798828 58.754199981689453 58.633998870849609
58.531299591064453 69.071800231933594 57.483600616455078 56.360801696777344 56.221000671386719 55.939498901367187 55.321998596191406 53.351699829101562 52.225799560546875 52.289398193359375 52.224098205566406 52.201400756835938 52.185100555419922 53.223400115966797 54.439098358154297 53.903999328613281 52.731998443603516 53.570098876953125 52.952999114990234 52.046600341796875 52.064899444580078 52.146999359130859 52.7135009765625 53.258899688720703 54.215900421142578 54.751800537109375 54.905200958251953 56.280899047851563 68.705703735351563 59.357799530029297 59.170299530029297 59.151500701904297 59.462001800537109 59.841400146484375 59.462200164794922 59.213298797607422 59.073898315429688 59.330299377441406 59.345001220703125 59.236198425292969 59.220298767089844 59.311798095703125 59.332500457763672 59.263698577880859 58.880500793457031 58.351299285888672
69.205497741699219 68.097297668457031 56.642101287841797 56.337799072265625 56.305500030517578 55.625701904296875 53.633598327636719 52.207901000976563 52.256500244140625 52.250099182128906 52.171100616455078 52.169399261474609 52.234699249267578 53.805900573730469 54.932300567626953 54.360198974609375 54.453098297119141 53.556900024414063 52.091598510742188 52.083400726318359 52.105400085449219 53.07440185546875 53.575599670410156 54.022598266601563 54.858299255371094 54.79119873046875 55.348098754882813 67.823898315429687 69.245498657226563 58.904201507568359 59.040500640869141 59.191001892089844 59.362400054931641 59.245098114013672 59.120201110839844 59.239398956298828 59.180000305175781 59.123500823974609 59.262298583984375 59.324199676513672 59.200698852539063 59.062099456787109 59.048999786376953 58.900199890136719 58.455501556396484 58.185398101806641
68.770599365234375 57.492401123046875 56.496299743652344 56.406700134277344 56.167701721191406 54.564098358154297 52.75830078125 52.370800018310547 52.47760009765625 52.226600646972656 52.194198608398438 52.214599609375 53.218700408935547 54.936599731445313 54.944999694824219 54.696701049804688 53.742599487304688 52.138198852539063 52.00360107421875 52.061100006103516 52.592498779296875 53.411201477050781 53.723400115966797 54.332298278808594 54.844600677490234 54.972900390625 56.385101318359375 68.765098571777344 59.313999176025391 59.097198486328125 59.069900512695313 59.062900543212891 59.155601501464844 59.230098724365234 59.179000854492188 59.057098388671875 59.111598968505859 59.351100921630859 59.278900146484375 59.163700103759766 58.915798187255859 58.799400329589844 58.556598663330078 58.243198394775391 58.1072998046875 58.162101745605469
67.481002807617188 54.985401153564453 55.672000885009766 54.330299377441406 53.338798522949219 53.683498382568359 52.219699859619141 52.236698150634766 52.219699859619141 52.233001708984375 52.276500701904297 52.737499237060547 54.346199035644531 54.990100860595703 54.808998107910156 53.982398986816406 52.486400604248047 52.080699920654297 52.017299652099609 52.075199127197266 52.770599365234375 53.701698303222656 53.278499603271484 54.730499267578125 54.796501159667969 55.650699615478516 67.773101806640625 69.525100708007813 59.1875 58.986801147460938 58.946098327636719 58.919101715087891 58.944900512695312 58.965301513671875 59.100101470947266 59.660999298095703 59.637500762939453 58.948299407958984 58.978199005126953 58.951999664306641 58.803001403808594 58.606399536132813 58.359699249267578 58.259799957275391 58.237499237060547 57.950199127197266
56.055801391601563 55.216701507568359 54.900100708007812 53.591999053955078 53.476699829101563 52.222301483154297 52.210498809814453 52.229000091552734 52.224300384521484 52.277099609375 52.581298828125 54.227100372314453 55.195499420166016 55.242198944091797 54.20989990234375 52.2333984375 52.182300567626953 52.139701843261719 52.100898742675781 52.795101165771484 54.353298187255859 53.567298889160156 54.759601593017578 54.707000732421875 54.886501312255859 56.379600524902344 69.411003112792969 59.166900634765625 58.880500793457031 58.779201507568359 58.792701721191406 58.6708984375 58.760799407958984 58.676799774169922 58.851799011230469 59.682701110839844 59.321098327636719 58.777099609375 58.796699523925781 58.686599731445313 58.479400634765625 58.370098114013672 58.335899353027344 58.178501129150391 57.918998718261719 57.174098968505859
