DownloadStableBinSampleDataDocuments/SampleData/domain/DEM_JHW_10m.asc
ncols         368
nrows         780
xllcorner     253643.27239136
yllcorner     399377.35652109
cellsize      10
NODATA_value  -9999
[rows 551 to 579 of 780, columns 256 to 319 of 368]
62.3476 62.3100 62.2154 62.1969 62.1591 62.1344 60.9684 60.9584 60.9591 60.9558 61.5806 72.0233 61.0180 60.1618 59.8398 59.2197 58.4312 58.4320 58.4291 58.4229 58.4315 58.4217 58.4144 58.4243 58.4379 58.4157 59.3661 59.7141 59.7011 59.7715 59.8732 59.9358 59.9577 60.0264 61.2919 73.3723 73.8710 62.3994 61.7676 61.7652 61.7875 61.7865 61.7813 61.7162 61.7204 61.8442 61.9273 61.9594 62.0384 62.3104 62.3561 62.8076 63.3980 63.5766 63.7800 64.2734 64.5900 64.5699 64.6721 65.0223 65.0589 65.1682 65.2867 65.2814
62.2873 62.3139 62.2857 62.1699 62.1265 62.0255 61.3983 60.9524 60.9577 61.4085 62.9868 73.1093 61.0182 59.8372 59.4995 59.6121 58.5515 58.4238 58.4371 58.4286 58.4284 58.4344 58.4257 58.4383 58.4246 58.5853 59.2533 59.5821 59.6340 59.7129 59.7870 59.8494 59.8650 60.3334 62.3101 74.0339 62.7738 61.6744 61.7865 61.7829 61.7744 61.7816 61.7512 61.7300 61.7306 61.8085 61.9468 62.0298 62.2260 62.3524 62.3441 62.5165 63.1938 63.6144 63.6809 64.3112 64.5734 64.6528 64.8606 65.0186 65.0089 65.1189 65.2581 65.2978
62.2750 62.2651 62.3580 62.2551 62.1363 62.1372 60.9582 60.9499 60.9731 61.7898 73.2234 72.1699 60.4279 60.1311 59.8571 58.7814 58.4036 58.4333 58.4149 58.4239 58.4200 58.4258 58.4290 58.4280 58.4517 58.4579 59.5016 59.6707 59.6473 59.7170 59.7708 59.7605 59.8561 60.8880 62.7586 73.7003 62.6002 61.8591 61.7829 61.7596 61.7683 61.7724 61.7552 61.7419 61.7503 61.8622 61.9920 61.9885 62.1091 62.3473 62.4258 62.9211 63.5146 63.6666 63.7983 64.2264 64.5407 64.6414 64.9684 65.0362 65.0524 65.2059 65.3273 65.3100
62.2955 62.3176 62.3392 62.2720 62.2070 62.0009 61.4593 60.9472 60.9438 61.3357 72.0820 61.4777 60.2663 59.7713 59.8223 58.4752 58.4241 58.4256 58.4247 58.4029 58.4062 58.4187 58.4338 58.4233 58.4358 58.5169 59.0701 59.5808 59.6285 59.6202 59.5513 59.6028 59.8787 60.7984 63.1691 74.0499 62.6191 61.7596 61.7355 61.7506 61.7660 61.7730 61.7525 61.7145 61.7395 61.9356 61.9712 62.0507 62.2147 62.3365 62.3376 62.9983 63.4637 63.6144 63.7082 64.5470 64.5339 64.5807 64.8262 65.0206 65.0627 65.2251 65.3112 65.3267
62.5540 62.4006 62.4045 62.2692 62.2180 61.9136 61.0552 60.9509 60.9636 62.8117 74.1267 61.6874 59.8406 59.6100 59.5460 59.0439 58.4300 58.4257 58.4362 58.4200 58.4302 58.4222 58.4342 58.4348 58.5424 59.1049 59.7550 59.5788 59.6482 59.4800 59.3544 59.6037 60.1251 62.1152 74.1194 73.2033 62.1973 62.0252 61.8719 61.7884 61.8579 61.7375 61.7625 61.7400 61.7414 61.8535 62.0078 62.1938 62.3635 62.3580 62.3518 62.9986 63.6058 63.6404 63.7461 64.1260 64.5463 64.7672 65.0128 65.0138 65.0054 65.1830 65.3108 65.3204
62.7067 62.5369 62.3147 62.1971 62.1153 62.0887 61.5198 61.0911 61.6853 73.5846 73.1955 61.0476 59.7859 59.4776 59.0651 58.5929 58.4225 58.4300 58.4300 58.4083 58.4262 58.4336 58.4376 58.4204 58.7512 59.6382 59.7748 59.6636 59.5959 59.4742 59.4647 59.7665 60.8804 63.0119 73.4692 62.2826 61.9853 62.0727 62.0876 61.8809 62.0356 62.1816 62.3496 62.2498 62.0773 61.9856 62.2291 62.2588 62.5051 62.3465 62.6500 63.2869 63.6296 63.6835 63.9435 64.3642 64.5450 64.8930 65.0057 65.0018 65.0836 65.2326 65.3219 65.3039
62.4743 62.6737 62.6052 62.4229 62.2540 62.1177 61.0560 60.9486 61.5851 73.5405 62.5318 60.2391 59.8180 59.5029 58.6544 58.4166 58.4357 58.4307 58.4172 58.4361 58.4270 58.4207 58.4363 58.5512 59.1029 59.5396 59.4509 59.5284 59.5431 59.5049 59.5500 59.8405 60.9200 63.4574 74.1647 62.1260 62.0034 62.0136 62.1074 61.8977 61.8849 61.9356 61.9722 61.9823 62.0413 62.0739 62.1131 62.5053 62.3811 62.6393 62.8325 63.4679 63.5934 63.7707 64.2535 64.6102 64.5233 64.5963 65.0044 65.0162 65.1343 65.3164 65.3079 65.3236
62.5329 62.8107 62.6342 62.6066 62.3578 62.1546 61.0318 60.9626 61.9527 73.5944 61.6674 60.0139 59.9383 59.5126 58.5659 58.4242 58.4400 58.4328 58.4220 58.4249 58.4040 58.4201 58.6531 58.7957 58.9680 59.6358 59.4221 59.4077 59.4143 59.4812 59.6872 59.9836 61.4745 64.0930 73.7449 61.9371 62.0359 62.0509 62.0639 61.8935 61.8841 61.9503 61.9637 61.9643 62.0318 62.0394 62.0360 62.0838 62.2030 62.2153 62.8950 63.1677 62.7933 63.3119 63.8460 64.4277 64.1861 64.7443 65.2865 65.2836 65.3922 65.3586 65.3405 65.3494
62.4502 62.8681 63.1018 62.7199 62.4400 62.0873 61.1377 60.9803 62.6525 73.4399 60.9985 59.9508 59.9387 59.6252 58.5874 58.4314 58.4288 58.4233 58.4283 58.4214 58.4113 58.4207 58.7330 58.8927 59.4220 59.7310 59.4397 59.3880 59.4193 59.5402 59.6505 60.0051 62.3059 74.4401 73.1975 62.0305 62.0025 62.0885 62.0202 61.8806 61.8727 61.9455 61.9962 61.9967 62.0400 62.0367 62.0300 62.0909 62.1802 62.1812 63.0425 62.8478 62.6900 62.6800 63.6044 63.7883 63.8620 64.2056 64.8379 64.9768 65.1654 65.2391 65.4065 65.3736
62.3201 62.9486 62.9124 62.6492 62.4637 61.9360 61.1973 61.1422 73.2994 72.6873 60.6282 59.9242 59.9737 59.4567 58.4459 58.4328 58.4168 58.4186 58.4286 58.4188 58.4194 58.4395 58.7544 58.9471 59.4229 59.6625 59.4621 59.4186 59.4245 59.5866 59.8744 60.1839 63.0758 74.1690 62.7022 61.9766 62.0161 62.1146 61.9594 61.8826 61.8887 61.9428 61.9770 61.9948 62.0424 62.0366 62.0367 62.1091 62.1690 62.1910 63.2623 62.7018 62.6909 62.8620 63.6220 63.8239 63.8201 64.3329 64.7031 64.6960 65.0142 65.0467 65.1573 65.3858
62.4715 62.8930 62.6232 62.4442 62.3668 61.6260 61.0312 61.7302 73.8057 61.8167 60.0004 59.8509 59.9654 59.1696 58.4383 58.4200 58.4200 58.4231 58.4289 58.4139 58.4293 58.6459 58.8532 59.0689 59.4370 59.6250 59.4384 59.4296 59.4228 59.6365 60.0509 60.9890 63.6467 73.7657 62.3577 61.9875 61.9388 62.0819 61.8917 61.8760 61.8901 61.9707 61.9719 61.9832 62.0401 62.0353 62.0127 62.1200 62.1430 62.1979 63.1320 62.6668 62.6769 63.1218 63.7817 63.8374 63.8244 64.4919 64.7017 64.7033 65.0417 65.0468 65.1022 65.3188
62.6359 62.9459 62.7780 62.5155 61.6040 60.9933 60.9558 62.7636 74.0784 61.0681 59.9851 59.9902 60.1745 59.2075 58.4427 58.4197 58.4358 58.4284 58.4378 58.4211 58.5543 58.9842 58.6926 58.8728 59.4074 59.5145 59.4788 59.4609 59.5314 59.7705 60.2368 61.7937 74.0691 73.3629 62.1472 62.0048 61.9455 62.0956 61.8757 61.8744 61.9061 61.9558 61.9783 62.0155 62.0439 62.0417 62.0295 62.1536 62.1871 62.2747 63.2195 62.6600 62.6559 63.2430 63.8139 63.8259 63.8081 64.5973 64.7078 64.7164 65.0654 65.0501 65.2370 65.5181
62.8657 63.0533 62.9663 62.2337 61.3750 61.0102 60.9575 73.6668 73.0938 60.6109 59.9650 60.0887 60.0179 58.9183 58.4300 58.4210 58.4370 58.4226 58.4325 58.4451 58.5345 58.6951 58.8047 58.9785 59.4379 59.4899 59.4928 59.5592 59.7045 59.9219 60.5412 62.7076 74.4068 62.9176 62.0409 62.0374 61.9583 62.1055 61.8737 61.8850 61.9303 61.9809 61.9476 62.0085 62.0500 62.0584 62.0404 62.1690 62.1937 62.5395 63.2320 62.6790 62.6845 63.4295 63.8056 63.8193 63.8390 64.7074 64.6980 64.7542 65.0489 65.0526 65.2873 65.4972
63.0876 63.1598 62.8369 61.3802 60.9838 61.0127 61.2246 74.0648 62.2259 60.3313 59.9351 60.0179 59.8648 58.7344 58.4300 58.4374 58.4327 58.4300 58.4273 58.5099 58.6182 58.7198 58.8072 58.8837 59.5115 59.5098 59.5568 59.6644 59.7737 60.0024 61.0771 63.5404 74.2073 62.4897 62.0216 61.9832 61.8940 62.0360 61.8700 61.8743 61.9160 61.9592 61.9896 62.0364 62.0427 62.0572 62.0422 62.1600 62.1682 62.6836 63.1436 62.6720 62.6627 63.5396 63.8158 63.8252 63.8792 64.6983 64.6927 64.8259 65.0639 65.0777 65.3717 65.4768
63.1138 63.1235 62.7949 60.9989 60.9523 61.0510 62.1043 73.5390 61.5876 60.2774 59.9676 59.9485 59.5748 58.4580 58.4365 58.4305 58.4300 58.4300 58.4205 58.6276 58.8131 58.8599 58.8766 58.9197 59.5911 59.5483 59.6173 59.7089 59.8974 60.1707 61.7281 74.1729 73.8633 61.9625 61.3439 61.8460 61.8290 61.9139 61.8747 61.8743 61.9373 61.9577 61.9731 62.0381 62.0538 62.0477 62.0700 62.1737 62.1753 62.9643 62.9790 62.6691 62.6600 63.6942 63.7996 63.8054 64.0410 64.7008 64.6998 64.9120 65.0700 65.0932 65.4011 65.4631
63.0241 63.0587 62.9137 60.9524 60.9564 61.2494 62.9567 72.9755 60.9102 60.1179 60.0307 59.7608 59.1819 58.4335 58.4445 58.4363 58.4300 58.4277 58.4227 58.7724 58.8651 58.8072 59.0023 58.9128 59.5873 59.6154 59.7092 59.8229 60.0508 60.3169 62.4754 74.5680 63.3711 61.8443 61.6715 61.9461 61.9000 61.9877 62.0232 62.0477 62.0592 62.0632 61.9751 62.0436 62.0272 62.0263 62.0814 62.1875 62.1847 63.2265 62.7762 62.6652 62.7197 63.6287 63.8082 63.7923 64.2134 64.6995 64.7105 64.9882 65.0846 65.0952 65.4620 65.5049
63.0400 63.1621 62.4532 61.1478 61.6132 61.9744 73.4341 72.2686 60.4327 59.8582 60.1801 59.5845 58.8807 58.4352 58.4380 58.4300 58.4300 58.4268 58.5874 58.9592 58.7322 58.9308 58.9890 59.1966 59.6792 59.7482 59.8248 59.9209 60.1584 60.4298 63.2373 74.3188 62.8533 61.8835 62.0160 62.0805 62.0701 62.2709 62.2836 62.4539 62.3582 62.4577 62.2594 62.2674 62.2418 62.2079 62.2189 62.3153 62.2162 63.4947 62.6593 62.6557 62.9783 63.8214 63.8133 63.8068 64.3937 64.6995 64.7113 65.0602 65.0762 65.1215 65.4045 65.4769
63.0764 63.1098 63.1457 62.7074 62.4751 62.5473 73.9339 61.8950 60.3579 60.0491 60.1763 59.6240 58.8499 58.4446 58.4411 58.4323 58.4227 58.4498 58.7090 58.8787 58.9075 58.9455 58.8929 59.3346 59.8033 59.8309 59.9026 59.9246 60.2044 61.1272 63.7840 73.9903 62.4559 61.8892 62.1073 62.0432 62.1135 62.3130 62.3229 62.4535 62.4545 62.4523 62.4667 62.5121 62.5462 62.5323 62.5753 62.6443 62.6129 63.4678 62.8593 62.7851 63.2955 63.7582 63.7719 63.7640 64.5573 64.6304 64.7231 65.0671 65.0682 65.1946 65.4568 65.5007
62.9953 62.9932 62.9972 62.8809 62.9978 73.2240 72.8952 61.1674 60.5034 60.3669 60.1646 59.4526 58.8372 58.4480 58.4418 58.4332 58.4280 58.5627 58.8668 59.0980 58.9287 58.6175 59.0074 59.3087 59.7072 59.6068 59.7897 59.8777 60.0768 61.5290 74.1424 73.7598 62.0442 61.9247 62.0532 62.0320 62.2261 62.3298 62.3112 62.4751 62.4522 62.4580 62.4803 62.5251 62.5179 62.5392 62.6288 62.6583 62.6593 63.6104 63.1141 63.1119 63.3494 63.6827 63.6739 63.6977 64.1771 64.4497 64.4106 64.9996 64.8841 65.0982 65.3298 65.4705
62.8845 62.8256 62.9816 62.9531 62.9602 73.9030 62.5410 60.8608 60.4670 60.3369 60.3291 59.3898 58.4284 58.4350 58.4443 58.4499 58.4883 58.9180 59.0896 59.2591 59.1193 59.0115 59.3690 59.3039 58.8276 58.8006 59.1042 59.9714 59.8718 62.6428 74.4507 62.9607 61.3114 61.9987 62.2216 62.1607 62.2652 62.3289 62.3211 62.4315 62.4449 62.4465 62.4839 62.5400 62.5185 62.6087 62.6477 62.6486 62.6455 63.4275 63.1217 63.1167 63.3554 63.6839 63.6608 63.9612 64.1652 64.2258 64.2303 64.6372 64.6214 64.7223 64.8711 65.1957
62.8057 62.6287 62.7646 62.9247 63.0436 73.8718 62.0482 60.6591 60.4643 60.2492 60.4171 59.5840 58.4470 58.4300 58.4252 58.4344 58.6796 58.7282 59.2229 59.3047 59.1686 58.9603 59.2917 59.9052 59.7308 59.8875 59.6697 59.2152 60.1479 63.2443 74.0839 62.3181 61.8314 61.8833 62.1601 62.1092 62.2676 62.3200 62.3190 62.4406 62.4433 62.4313 62.4717 62.5418 62.5202 62.6808 62.6692 62.6220 62.6441 63.1701 63.1060 63.1228 63.3555 63.6848 63.6593 64.0613 64.1999 64.1993 64.2445 64.5958 64.6097 64.6949 64.8757 64.8595
62.7653 62.6007 62.7670 62.9074 63.4443 73.9433 61.7497 60.6588 60.4567 60.3873 60.2914 58.7976 58.4379 58.4476 58.4229 58.5339 58.8627 59.0909 59.2778 59.2690 59.2494 59.1274 59.3378 59.9712 59.9813 60.0328 60.1739 60.4657 61.2162 73.3967 74.0740 62.1036 61.8955 62.0687 62.1446 62.1934 62.2712 62.3196 62.3435 62.4111 62.4307 62.4369 62.4764 62.5321 62.5206 62.5594 62.6492 62.6958 62.9773 63.1654 63.1181 63.1158 63.3762 63.6810 63.6700 63.8271 64.1595 64.2439 64.4618 64.6088 64.5947 64.8117 64.8564 64.8888
62.8445 62.6895 62.6501 62.8291 73.5350 73.9457 61.5124 60.2317 60.2783 60.0457 59.6700 58.9140 58.4459 58.4339 58.4344 58.4564 58.8294 59.1722 59.3527 59.3509 59.2974 59.0954 59.1750 59.8630 60.1486 60.2413 60.2401 60.6268 62.1425 73.3103 63.8223 62.6933 61.9104 62.0194 62.0826 62.1440 62.2665 62.3387 62.4256 62.4521 62.4489 62.4439 62.4580 62.5040 62.5665 62.6500 62.6549 62.8696 63.4477 63.3666 63.1084 63.2064 63.3533 63.5953 63.8299 64.1237 64.1840 64.2634 64.5105 64.5880 64.5820 64.7430 64.8539 64.8619
62.9951 62.7868 62.4993 62.8221 72.7407 61.9479 60.7162 59.7967 60.2797 60.4885 60.1504 59.3569 58.4344 58.4440 58.5051 58.6940 59.0089 59.2961 59.3721 59.3579 59.1729 59.2494 59.5752 59.9975 60.2351 60.2936 60.3705 60.5138 62.9488 74.0181 62.0371 61.3537 61.9345 62.0039 62.1079 62.0431 62.1989 62.3005 62.3845 62.4378 62.4278 62.4563 62.5100 62.5171 62.5485 62.6156 62.6562 62.6717 62.9717 63.1581 63.1301 63.3585 63.6796 63.6688 63.7716 64.0794 64.1860 64.1847 64.4337 64.6024 64.6164 64.7180 64.8584 64.8837
62.7767 62.6164 62.5458 62.7878 74.5137 62.9878 60.4785 59.9552 60.4182 60.3054 59.3341 58.5597 58.4554 58.4595 58.4318 58.7319 59.1368 59.2742 59.2400 59.3776 59.3600 59.0759 59.5824 60.0273 60.1823 60.3037 60.4234 61.1591 73.4008 74.2605 62.7829 61.8181 61.9686 62.1004 61.9674 62.1634 62.3180 62.3303 62.4382 62.4522 62.4354 62.4314 62.4994 62.5330 62.5116 62.6431 62.6698 62.7944 63.2505 63.2193 63.1296 63.1874 63.5749 63.6584 63.6407 64.1788 64.2007 64.2896 64.6009 64.5653 64.7091 64.8720 64.9093 64.8828
62.4521 62.4211 62.6677 63.0149 73.2284 62.4165 60.5024 60.2962 60.4924 60.0634 59.5761 58.7961 58.4495 58.4511 58.6776 59.0079 59.2794 59.3435 59.3603 59.4204 59.2993 59.0403 59.3351 59.8969 60.1262 60.2982 60.4282 61.7354 74.2732 63.5576 62.5224 62.4174 62.4431 62.4206 62.3838 62.4348 62.3029 62.3753 62.4699 62.4622 62.4667 62.4947 62.5177 62.5298 62.5904 62.6443 62.6571 63.0089 63.4853 63.1927 63.2044 63.4674 63.6042 63.6471 63.9568 64.1991 64.1990 64.3435 64.5649 64.5800 64.6176 64.7756 64.8586 64.8876
62.4650 62.4482 62.5015 63.5056 73.5131 61.8342 61.0111 60.5101 60.5642 60.4096 59.9224 58.5508 58.4411 58.4530 58.6767 59.0565 59.2723 59.3215 59.4670 59.4939 59.2863 59.3866 59.6708 59.8960 60.1960 60.2936 60.6648 61.8705 73.9583 63.8535 62.5804 62.4380 62.1180 62.0548 62.1369 62.1650 62.3699 62.5071 62.5890 62.4608 62.5073 62.4186 62.5558 62.6314 62.5540 62.6419 62.6449 62.7108 63.0028 63.1257 63.1296 63.4285 63.6767 63.6739 63.8180 64.1568 64.1962 64.2366 64.4646 64.5743 64.6794 64.8546 64.8371 64.8674
62.5190 62.4654 62.5160 63.4622 74.1220 62.3400 61.1852 60.7865 60.5847 60.2153 59.0223 58.4500 58.4500 58.4500 58.6976 59.1326 59.2017 59.0800 59.3125 59.5242 59.1814 59.1402 59.5548 59.9544 60.2902 60.4282 61.2802 62.7944 73.5765 63.7934 62.9248 62.4163 62.1021 62.0500 62.0526 62.0516 62.0574 62.0775 62.1131 62.1542 62.2210 62.4619 62.8005 63.0823 63.1858 63.1128 63.3284 63.7136 63.4819 63.1434 63.1394 63.3044 63.6414 63.6864 63.8585 64.1155 64.3029 64.5087 64.5715 64.6135 64.7945 64.8784 64.8638 64.8478
62.5354 62.5659 62.5789 63.2220 74.4807 62.6054 60.5124 60.5451 60.5218 60.1643 59.1837 58.4533 58.4303 58.6626 59.1281 59.1157 59.0310 59.2272 59.4187 59.5039 59.1662 59.1739 59.6649 60.0084 60.3650 60.4919 60.9248 63.3129 74.1328 62.6478 62.3901 62.6522 62.2432 62.0400 62.0409 62.0443 62.0534 62.0782 62.1223 62.1885 62.2827 62.4866 62.6856 62.7394 62.7413 62.7551 62.9004 63.6204 63.8469 63.5329 63.6742 63.8136 64.0076 64.1599 64.2732 64.2411 64.2297 64.4503 64.5752 64.5980 64.7338 64.8638 64.8598 64.8928
